118.119003 31.222135
118.119003 31.222135
118.119003 31.222135
118.119003 31.222135
118.119001 31.222133
118.119005 31.222135
118.11901 31.222143
118.11901 31.222143
118.11901 31.222143
118.11901 31.222145
118.11901 31.222145
118.11901 31.222145
118.11901 31.222145
118.11901 31.222146
118.119013 31.22215
118.119013 31.222151
118.119013 31.222151
118.119015 31.222151
118.119015 31.222151
118.119015 31.222151
118.119015 31.222151
118.119023 31.22217
118.119023 31.22217
118.119023 31.22217
118.119023 31.22217
118.119023 31.222168
118.119023 31.222168
118.119023 31.222168
118.119023 31.222168
118.119023 31.222168
118.119023 31.222168
118.119023 31.222168
118.119023 31.222168
118.119023 31.222168
118.119023 31.222168
118.119023 31.222168
118.119023 31.222168
118.119023 31.222168
118.119023 31.222168
118.119023 31.222168
118.119023 31.222168
118.119023 31.222168
118.119021 31.222166
118.119021 31.222166
118.119021 31.222166
118.119021 31.222166
118.119021 31.222166
118.119021 31.222166
118.119021 31.222166
118.11902 31.222166
118.11902 31.222166
118.11902 31.222166
118.11902 31.222166
118.11902 31.222166
118.11902 31.222166
118.11902 31.222166
118.11902 31.222166
118.11902 31.222166
118.11902 31.222166
118.11902 31.222166
118.11902 31.222166
118.11902 31.222165
118.11902 31.222165
118.11902 31.222165
118.11902 31.222165
118.11902 31.222165
118.11902 31.222165
118.11902 31.222165
118.11902 31.222165
118.11902 31.222165
118.11902 31.222165
118.11902 31.222165
118.119018 31.222165
118.119018 31.222165
118.119018 31.222165
118.119018 31.222165
118.119018 31.222165
118.119018 31.222165
118.119018 31.222165
118.119018 31.222163
118.119018 31.222163
118.119018 31.222163
118.119016 31.222163
118.119016 31.222163
118.119016 31.222163
118.119016 31.222163
118.119016 31.222163
118.119016 31.222163
118.119016 31.222163
118.119016 31.222163
118.119016 31.222163
118.119016 31.222163
118.119016 31.222163
118.119016 31.222161
118.119016 31.222161
118.119016 31.222161
118.119016 31.222161
118.119016 31.222161
118.119016 31.222161
118.119016 31.222161
118.119016 31.222161
118.119016 31.222161
118.119016 31.222161
118.119016 31.222161
118.119016 31.222161
118.119015 31.222161
118.119015 31.222161
118.119015 31.222161
118.119015 31.222161
118.119015 31.222161
118.119015 31.222161
118.119015 31.222161
118.119015 31.222161
118.119015 31.222161
118.119015 31.222161
118.119015 31.222161
118.119015 31.222161
118.119015 31.222161
118.119015 31.222161
118.119015 31.222161
118.119015 31.222161
118.119015 31.22216
118.119015 31.22216
118.119015 31.22216
118.119015 31.22216
118.119015 31.22216
118.119015 31.22216
118.119015 31.22216
118.119015 31.22216
118.119015 31.22216
118.119015 31.22216
118.119015 31.22216
118.119015 31.22216
118.119015 31.22216
118.119015 31.22216
118.119015 31.22216
118.119003 31.222135
118.119003 31.222135
118.119003 31.222135
118.119003 31.222135
118.119001 31.222133
118.119005 31.222135
118.11901 31.222143
118.11901 31.222143
118.11901 31.222143
118.11901 31.222145
118.11901 31.222145
118.11901 31.222145
118.11901 31.222145
118.11901 31.222146
118.119013 31.22215
118.119013 31.222151
118.119013 31.222151
118.119015 31.222151
118.119015 31.222151
118.119015 31.222151
118.119015 31.222151
118.119023 31.22217
118.119023 31.22217
118.119023 31.22217
118.119023 31.22217
118.119023 31.222168
118.119023 31.222168
118.119023 31.222168
118.119023 31.222168
118.119023 31.222168
118.119023 31.222168
118.119023 31.222168
118.119023 31.222168
118.119023 31.222168
118.119023 31.222168
118.119023 31.222168
118.119023 31.222168
118.119023 31.222168
118.119023 31.222168
118.119023 31.222168
118.119023 31.222168
118.119023 31.222168
118.119021 31.222166
118.119021 31.222166
118.119021 31.222166
118.119021 31.222166
118.119021 31.222166
118.119021 31.222166
118.119021 31.222166
118.11902 31.222166
118.11902 31.222166
118.11902 31.222166
118.11902 31.222166
118.11902 31.222166
118.11902 31.222166
118.11902 31.222166
118.11902 31.222166
118.11902 31.222166
118.11902 31.222166
118.11902 31.222166
118.11902 31.222166
118.11902 31.222165
118.11902 31.222165
118.11902 31.222165
118.11902 31.222165
118.11902 31.222165
118.11902 31.222165
118.11902 31.222165
118.11902 31.222165
118.11902 31.222165
118.11902 31.222165
118.11902 31.222165
118.119018 31.222165
118.119018 31.222165
118.119018 31.222165
118.119018 31.222165
118.119018 31.222165
118.119018 31.222165
118.119018 31.222165
118.119018 31.222163
118.119018 31.222163
118.119018 31.222163
118.119016 31.222163
118.119016 31.222163
118.119016 31.222163
118.119016 31.222163
118.119016 31.222163
118.119016 31.222163
118.119016 31.222163
118.119016 31.222163
118.119016 31.222163
118.119016 31.222163
118.119016 31.222163
118.119016 31.222161
118.119016 31.222161
118.119016 31.222161
118.119016 31.222161
118.119016 31.222161
118.119016 31.222161
118.119016 31.222161
118.119016 31.222161
118.119016 31.222161
118.119016 31.222161
118.119016 31.222161
118.119016 31.222161
118.119015 31.222161
118.119015 31.222161
118.119015 31.222161
118.119015 31.222161
118.119015 31.222161
118.119015 31.222161
118.119015 31.222161
118.119015 31.222161
118.119015 31.222161
118.119015 31.222161
118.119015 31.222161
118.119015 31.222161
118.119015 31.222161
118.119015 31.222161
118.119015 31.222161
118.119015 31.222161
118.119015 31.22216
118.119015 31.22216
118.119015 31.22216
118.119015 31.22216
118.119015 31.22216
118.119015 31.22216
118.119015 31.22216
118.119015 31.22216
118.119015 31.22216
118.119015 31.22216
118.119015 31.22216
118.119015 31.22216
118.119015 31.22216
118.119015 31.22216
118.119015 31.22216
118.119003 31.222135
118.119003 31.222135
118.119003 31.222135
118.119003 31.222135
118.119001 31.222133
118.119005 31.222135
118.11901 31.222143
118.11901 31.222143
118.11901 31.222143
118.11901 31.222145
118.11901 31.222145
118.11901 31.222145
118.11901 31.222145
118.11901 31.222146
118.119013 31.22215
118.119013 31.222151
118.119013 31.222151
118.119015 31.222151
118.119015 31.222151
118.119015 31.222151
118.119015 31.222151
118.119023 31.22217
118.119023 31.22217
118.119023 31.22217
118.119023 31.22217
118.119023 31.222168
118.119023 31.222168
118.119023 31.222168
118.119023 31.222168
118.119023 31.222168
118.119023 31.222168
118.119023 31.222168
118.119023 31.222168
118.119023 31.222168
118.119023 31.222168
118.119023 31.222168
118.119023 31.222168
118.119023 31.222168
118.119023 31.222168
118.119023 31.222168
118.119023 31.222168
118.119023 31.222168
118.119021 31.222166
118.119021 31.222166
118.119021 31.222166
118.119021 31.222166
118.119021 31.222166
118.119021 31.222166
118.119021 31.222166
118.11902 31.222166
118.11902 31.222166
118.11902 31.222166
118.11902 31.222166
118.11902 31.222166
118.11902 31.222166
118.11902 31.222166
118.11902 31.222166
118.11902 31.222166
118.11902 31.222166
118.11902 31.222166
118.11902 31.222166
118.11902 31.222165
118.11902 31.222165
118.11902 31.222165
118.11902 31.222165
118.11902 31.222165
118.11902 31.222165
118.11902 31.222165
118.11902 31.222165
118.11902 31.222165
118.11902 31.222165
118.11902 31.222165
118.119018 31.222165
118.119018 31.222165
118.119018 31.222165
118.119018 31.222165
118.119018 31.222165
118.119018 31.222165
118.119018 31.222165
118.119018 31.222163
118.119018 31.222163
118.119018 31.222163
118.119016 31.222163
118.119016 31.222163
118.119016 31.222163
118.119016 31.222163
118.119016 31.222163
118.119016 31.222163
118.119016 31.222163
118.119016 31.222163
118.119016 31.222163
118.119016 31.222163
118.119016 31.222163
118.119016 31.222161
118.119016 31.222161
118.119016 31.222161
118.119016 31.222161
118.119016 31.222161
118.119016 31.222161
118.119016 31.222161
118.119016 31.222161
118.119016 31.222161
118.119016 31.222161
118.119016 31.222161
118.119016 31.222161
118.119015 31.222161
118.119015 31.222161
118.119015 31.222161
118.119015 31.222161
118.119015 31.222161
118.119015 31.222161
118.119015 31.222161
118.119015 31.222161
118.119015 31.222161
118.119015 31.222161
118.119015 31.222161
118.119015 31.222161
118.119015 31.222161
118.119015 31.222161
118.119015 31.222161
118.119015 31.222161
118.119015 31.22216
118.119015 31.22216
118.119015 31.22216
118.119015 31.22216
118.119015 31.22216
118.119015 31.22216
118.119015 31.22216
118.119015 31.22216
118.119015 31.22216
118.119015 31.22216
118.119015 31.22216
118.119015 31.22216
118.119015 31.22216
118.119015 31.22216
118.119015 31.22216
118.119003 31.222135
118.119003 31.222135
118.119003 31.222135
118.119003 31.222135
118.119001 31.222133
118.119005 31.222135
118.11901 31.222143
118.11901 31.222143
118.11901 31.222143
118.11901 31.222145
118.11901 31.222145
118.11901 31.222145
118.11901 31.222145
118.11901 31.222146
118.119013 31.22215
118.119013 31.222151
118.119013 31.222151
118.119015 31.222151
118.119015 31.222151
118.119015 31.222151
118.119015 31.222151
118.119023 31.22217
118.119023 31.22217
118.119023 31.22217
118.119023 31.22217
118.119023 31.222168
118.119023 31.222168
118.119023 31.222168
118.119023 31.222168
118.119023 31.222168
118.119023 31.222168
118.119023 31.222168
118.119023 31.222168
118.119023 31.222168
118.119023 31.222168
118.119023 31.222168
118.119023 31.222168
118.119023 31.222168
118.119023 31.222168
118.119023 31.222168
118.119023 31.222168
118.119023 31.222168
118.119021 31.222166
118.119021 31.222166
118.119021 31.222166
118.119021 31.222166
118.119021 31.222166
118.119021 31.222166
118.119021 31.222166
118.11902 31.222166
118.11902 31.222166
118.11902 31.222166
118.11902 31.222166
118.11902 31.222166
118.11902 31.222166
118.11902 31.222166
118.11902 31.222166
118.11902 31.222166
118.11902 31.222166
118.11902 31.222166
118.11902 31.222166
118.11902 31.222165
118.11902 31.222165
118.11902 31.222165
118.11902 31.222165
118.11902 31.222165
118.11902 31.222165
118.11902 31.222165
118.11902 31.222165
118.11902 31.222165
118.11902 31.222165
118.11902 31.222165
118.119018 31.222165
118.119018 31.222165
118.119018 31.222165
118.119018 31.222165
118.119018 31.222165
118.119018 31.222165
118.119018 31.222165
118.119018 31.222163
118.119018 31.222163
118.119018 31.222163
118.119016 31.222163
118.119016 31.222163
118.119016 31.222163
118.119016 31.222163
118.119016 31.222163
118.119016 31.222163
118.119016 31.222163
118.119016 31.222163
118.119016 31.222163
118.119016 31.222163
118.119016 31.222163
118.119016 31.222161
118.119016 31.222161
118.119016 31.222161
118.119016 31.222161
118.119016 31.222161
118.119016 31.222161
118.119016 31.222161
118.119016 31.222161
118.119016 31.222161
118.119016 31.222161
118.119016 31.222161
118.119016 31.222161
118.119015 31.222161
118.119015 31.222161
118.119015 31.222161
118.119015 31.222161
118.119015 31.222161
118.119015 31.222161
118.119015 31.222161
118.119015 31.222161
118.119015 31.222161
118.119015 31.222161
118.119015 31.222161
118.119015 31.222161
118.119015 31.222161
118.119015 31.222161
118.119015 31.222161
118.119015 31.222161
118.119015 31.22216
118.119015 31.22216
118.119015 31.22216
118.119015 31.22216
118.119015 31.22216
118.119015 31.22216
118.119015 31.22216
118.119015 31.22216
118.119015 31.22216
118.119015 31.22216
118.119015 31.22216
118.119015 31.22216
118.119015 31.22216
118.119015 31.22216
118.119015 31.22216
118.119003 31.222135
118.119003 31.222135
118.119003 31.222135
118.119003 31.222135
118.119001 31.222133
118.119005 31.222135
118.11901 31.222143
118.11901 31.222143
118.11901 31.222143
118.11901 31.222145
118.11901 31.222145
118.11901 31.222145
118.11901 31.222145
118.11901 31.222146
118.119013 31.22215
118.119013 31.222151
118.119013 31.222151
118.119015 31.222151
118.119015 31.222151
118.119015 31.222151
118.119015 31.222151
118.119023 31.22217
118.119023 31.22217
118.119023 31.22217
118.119023 31.22217
118.119023 31.222168
118.119023 31.222168
118.119023 31.222168
118.119023 31.222168
118.119023 31.222168
118.119023 31.222168
118.119023 31.222168
118.119023 31.222168
118.119023 31.222168
118.119023 31.222168
118.119023 31.222168
118.119023 31.222168
118.119023 31.222168
118.119023 31.222168
118.119023 31.222168
118.119023 31.222168
118.119023 31.222168
118.119021 31.222166
118.119021 31.222166
118.119021 31.222166
118.119021 31.222166
118.119021 31.222166
118.119021 31.222166
118.119021 31.222166
118.11902 31.222166
118.11902 31.222166
118.11902 31.222166
118.11902 31.222166
118.11902 31.222166
118.11902 31.222166
118.11902 31.222166
118.11902 31.222166
118.11902 31.222166
118.11902 31.222166
118.11902 31.222166
118.11902 31.222166
118.11902 31.222165
118.11902 31.222165
118.11902 31.222165
118.11902 31.222165
118.11902 31.222165
118.11902 31.222165
118.11902 31.222165
118.11902 31.222165
118.11902 31.222165
118.11902 31.222165
118.11902 31.222165
118.119018 31.222165
118.119018 31.222165
118.119018 31.222165
118.119018 31.222165
118.119018 31.222165
118.119018 31.222165
118.119018 31.222165
118.119018 31.222163
118.119018 31.222163
118.119018 31.222163
118.119016 31.222163
118.119016 31.222163
118.119016 31.222163
118.119016 31.222163
118.119016 31.222163
118.119016 31.222163
118.119016 31.222163
118.119016 31.222163
118.119016 31.222163
118.119016 31.222163
118.119016 31.222163
118.119016 31.222161
118.119016 31.222161
118.119016 31.222161
118.119016 31.222161
118.119016 31.222161
118.119016 31.222161
118.119016 31.222161
118.119016 31.222161
118.119016 31.222161
118.119016 31.222161
118.119016 31.222161
118.119016 31.222161
118.119015 31.222161
118.119015 31.222161
118.119015 31.222161
118.119015 31.222161
118.119015 31.222161
118.119015 31.222161
118.119015 31.222161
118.119015 31.222161
118.119015 31.222161
118.119015 31.222161
118.119015 31.222161
118.119015 31.222161
118.119015 31.222161
118.119015 31.222161
118.119015 31.222161
118.119015 31.222161
118.119015 31.22216
118.119015 31.22216
118.119015 31.22216
118.119015 31.22216
118.119015 31.22216
118.119015 31.22216
118.119015 31.22216
118.119015 31.22216
118.119015 31.22216
118.119015 31.22216
118.119015 31.22216
118.119015 31.22216
118.119015 31.22216
118.119015 31.22216
118.119015 31.22216
