118.468728 31.745315
118.468733 31.745283
118.468748 31.745286
118.468733 31.745283
118.468733 31.745283
118.4688 31.74525
118.468816 31.745266
118.46885 31.745266
118.468868 31.74529
118.468883 31.745308
118.468866 31.745283
118.468866 31.745266
118.468861 31.745271
118.468861 31.745271
118.46885 31.745233
118.46885 31.745233
118.46885 31.745266
118.46885 31.745266
118.46885 31.745266
118.46885 31.745266
118.468866 31.745266
118.468866 31.7453
118.46885 31.745316
118.46885 31.745316
118.468843 31.74532
118.468831 31.7453
118.468816 31.7453
118.468816 31.7453
118.468816 31.7453
118.4688 31.7453
118.4688 31.745283
118.4688 31.745283
118.468811 31.745295
118.4688 31.745283
118.4688 31.745283
118.468783 31.745283
118.468783 31.745266
118.468793 31.745285
118.468783 31.745266
118.468805 31.74528
118.4688 31.745266
118.4688 31.745283
118.4688 31.745283
118.4688 31.745283
118.4688 31.745283
118.468783 31.745283
118.4688 31.745266
118.4688 31.745266
118.4688 31.745266
118.4688 31.745266
118.4688 31.745266
118.4688 31.745266
118.4688 31.745266
118.468816 31.745266
118.468816 31.745266
118.4688 31.7453
118.4688 31.7453
118.4688 31.7453
118.468815 31.745326
118.468816 31.745326
118.468816 31.745331
118.468816 31.745331
118.468816 31.745331
118.468728 31.745315
118.468733 31.745283
118.468748 31.745286
118.468733 31.745283
118.468733 31.745283
118.4688 31.74525
118.468816 31.745266
118.46885 31.745266
118.468868 31.74529
118.468883 31.745308
118.468866 31.745283
118.468866 31.745266
118.468861 31.745271
118.468861 31.745271
118.46885 31.745233
118.46885 31.745233
118.46885 31.745266
118.46885 31.745266
118.46885 31.745266
118.46885 31.745266
118.468866 31.745266
118.468866 31.7453
118.46885 31.745316
118.46885 31.745316
118.468843 31.74532
118.468831 31.7453
118.468816 31.7453
118.468816 31.7453
118.468816 31.7453
118.4688 31.7453
118.4688 31.745283
118.4688 31.745283
118.468811 31.745295
118.4688 31.745283
118.4688 31.745283
118.468783 31.745283
118.468783 31.745266
118.468793 31.745285
118.468783 31.745266
118.468805 31.74528
118.4688 31.745266
118.4688 31.745283
118.4688 31.745283
118.4688 31.745283
118.4688 31.745283
118.468783 31.745283
118.4688 31.745266
118.4688 31.745266
118.4688 31.745266
118.4688 31.745266
118.4688 31.745266
118.4688 31.745266
118.4688 31.745266
118.468816 31.745266
118.468816 31.745266
118.4688 31.7453
118.4688 31.7453
118.4688 31.7453
118.468815 31.745326
118.468816 31.745326
118.468816 31.745331
118.468816 31.745331
118.468816 31.745331
