121.467695 28.692305
121.467693 28.692303
121.467691 28.692301
121.467693 28.6923
121.46769 28.6923
121.467683 28.692303
121.467683 28.692306
121.46768 28.692308
121.46768 28.69231
121.46768 28.69231
121.46768 28.692308
121.467678 28.692308
121.467678 28.69231
121.467678 28.692311
121.46768 28.69231
121.46768 28.69231
121.467681 28.69231
121.467683 28.69231
121.467683 28.692308
121.467683 28.692308
121.467683 28.692308
121.467683 28.692308
121.467683 28.692308
121.467683 28.692308
121.467683 28.692308
121.467683 28.692308
121.467683 28.692308
121.467683 28.692308
121.467683 28.692308
121.467685 28.692308
121.467685 28.692308
121.467685 28.692308
121.467685 28.692308
121.467685 28.692308
121.467685 28.692308
121.467685 28.692308
121.467685 28.692308
121.467685 28.692308
121.467685 28.692308
121.467685 28.692308
121.467686 28.692306
121.467686 28.692306
121.467688 28.692306
121.46769 28.692306
121.46769 28.692306
121.467691 28.692306
121.467691 28.692305
121.467691 28.692305
121.467676 28.692296
121.467688 28.692291
121.467695 28.692291
121.467701 28.69229
121.467706 28.692291
121.467708 28.692298
121.467725 28.692311
121.46772 28.692305
121.467721 28.692305
121.467716 28.692305
121.467715 28.692305
121.467715 28.692301
121.467715 28.6923
121.467718 28.692301
121.46772 28.692301
121.467718 28.6923
121.46772 28.692301
121.46772 28.692303
121.46772 28.692303
121.467718 28.692303
121.467718 28.692303
121.467715 28.692303
121.467715 28.692301
121.467713 28.692301
121.467713 28.692301
121.467713 28.692301
121.467713 28.6923
121.467713 28.6923
121.467713 28.692298
121.467711 28.692298
121.467711 28.692298
121.467708 28.692281
121.467708 28.69228
121.467708 28.69228
121.467708 28.69228
121.467708 28.69228
121.467708 28.69228
121.467708 28.69228
121.467708 28.692278
121.467708 28.692278
121.467708 28.692278
121.467708 28.692278
121.467703 28.69228
121.467706 28.69228
121.467706 28.692286
121.467708 28.692293
121.467708 28.692295
121.467708 28.692295
121.467706 28.692295
121.467705 28.692295
121.467703 28.692293
121.467715 28.692311
121.467713 28.69231
121.467716 28.692311
121.467718 28.692311
121.467718 28.692313
121.467718 28.692313
121.46772 28.692311
121.467718 28.692313
121.467718 28.692311
121.46772 28.692313
121.467721 28.692313
121.467721 28.692313
121.467721 28.692313
121.467721 28.692313
121.46772 28.692315
121.46772 28.692313
121.467721 28.692313
121.46772 28.692315
121.46772 28.692313
121.46772 28.692315
121.46772 28.692315
121.467718 28.692315
121.467716 28.692315
121.467706 28.692318
121.467705 28.692318
121.467703 28.692316
121.467701 28.692318
121.467703 28.692321
121.467703 28.692318
121.467703 28.692318
121.467688 28.692291
121.467708 28.692288
121.467703 28.692295
121.467701 28.692301
121.467701 28.692305
121.467705 28.692275
121.467683 28.692298
121.467693 28.692313
121.467696 28.692315
121.4677 28.692316
121.467703 28.692315
121.467705 28.692316
121.467703 28.692313
121.4677 28.692313
121.467698 28.692313
121.467696 28.692311
121.467695 28.692311
121.467693 28.692311
121.46769 28.692311
121.46769 28.692311
121.46769 28.692311
121.46769 28.692311
121.46769 28.692311
121.46769 28.692313
121.46769 28.692313
121.467693 28.692315
121.467693 28.692315
121.467695 28.692315
121.467695 28.692315
121.467696 28.692316
121.467698 28.692316
121.467698 28.692318
121.467698 28.692318
121.4677 28.692318
121.4677 28.692318
121.4677 28.692318
121.4677 28.69232
121.467701 28.69232
121.467701 28.692321
121.467701 28.692321
121.467701 28.692321
121.467701 28.692321
121.467703 28.692323
121.467703 28.692323
121.467703 28.692323
121.467703 28.692323
121.467703 28.692323
121.467703 28.692323
121.467703 28.692323
121.467703 28.692323
121.467703 28.692323
121.467703 28.692323
121.467703 28.692323
121.467705 28.692323
121.467705 28.692325
121.467705 28.692325
121.467705 28.692325
121.467705 28.692325
121.467705 28.692325
121.467705 28.692325
121.467705 28.692325
121.467703 28.692323
121.467703 28.692323
121.467703 28.692323
121.467703 28.692323
121.467703 28.692323
121.467703 28.692323
121.467703 28.692323
121.467703 28.692323
121.467703 28.692323
121.467703 28.692323
121.467703 28.692323
121.467703 28.692321
121.467703 28.692321
121.467703 28.692321
121.467703 28.692321
121.467705 28.692321
121.467705 28.692321
121.467705 28.692321
121.467705 28.692321
121.467705 28.692321
121.4677 28.692325
121.467698 28.692335
121.467706 28.692323
121.467706 28.692321
121.467706 28.69232
121.467706 28.692318
121.467705 28.692318
121.467701 28.692318
121.467703 28.692318
121.467703 28.692318
121.467703 28.692315
121.467701 28.692315
121.467701 28.692313
121.467691 28.69233
121.467695 28.692306
121.467688 28.692303
121.467686 28.692305
121.467701 28.692313
121.467693 28.692315
121.467698 28.69231
121.467696 28.692313
121.46769 28.692315
121.467688 28.692315
121.467688 28.692313
121.467686 28.692311
121.467688 28.692313
121.467688 28.692313
121.46769 28.692313
121.467688 28.692313
121.46769 28.692313
121.46769 28.692311
121.46769 28.692311
121.467691 28.692311
121.467691 28.69231
121.467691 28.69231
121.467691 28.692311
121.467691 28.692313
121.467691 28.692313
121.467695 28.692303
121.467708 28.692295
121.46771 28.692301
121.467706 28.692301
121.467701 28.692301
121.467708 28.692303
121.467708 28.692303
121.467711 28.692303
121.467713 28.692301
121.467715 28.6923
121.467715 28.692298
121.467715 28.692298
121.467715 28.692298
121.467713 28.692296
121.467713 28.692296
121.467713 28.692296
121.467713 28.692296
121.467713 28.692295
121.467713 28.692293
121.467713 28.692293
121.467713 28.692291
121.467713 28.692291
121.467711 28.692291
121.467711 28.692291
121.467711 28.69229
121.467711 28.69229
121.467711 28.69229
121.467711 28.692288
121.467711 28.692288
121.467711 28.692288
121.467711 28.692288
121.467711 28.692288
121.467711 28.692286
121.467711 28.692286
121.467711 28.692286
121.467711 28.692285
121.467713 28.692285
121.467713 28.692285
121.467713 28.692285
121.467713 28.692285
121.467713 28.692283
121.467713 28.692283
121.467713 28.692283
121.467713 28.692283
121.467713 28.692283
121.467713 28.692283
121.467713 28.692283
121.467713 28.692283
121.467713 28.692283
121.467713 28.692283
121.467713 28.692283
121.467713 28.692283
121.467713 28.692283
121.467713 28.692283
121.467713 28.692283
121.467713 28.692283
121.467713 28.692283
121.467713 28.692283
121.467713 28.692283
121.467713 28.692283
121.467713 28.692283
121.467731 28.69232
121.467716 28.692308
121.467701 28.692293
121.467705 28.692293
121.467705 28.6923
121.4677 28.6923
121.467698 28.6923
121.467701 28.6923
121.467701 28.692301
121.467701 28.692303
121.467701 28.692301
121.4677 28.692301
121.4677 28.692301
121.467701 28.692301
121.467703 28.692301
121.467703 28.692301
121.467705 28.692301
121.467705 28.692301
121.467705 28.692301
121.467706 28.692301
121.46768 28.692293
121.467698 28.692295
121.467708 28.692301
121.467706 28.692303
121.467711 28.692298
121.467711 28.692298
121.467713 28.6923
121.467713 28.692301
121.467711 28.6923
121.467708 28.6923
121.46771 28.692301
121.467708 28.692301
121.46771 28.692301
121.46771 28.692301
121.46771 28.692301
121.46771 28.692301
121.46771 28.692301
121.46771 28.692301
121.46771 28.692301
121.46771 28.692301
121.46771 28.692303
121.467708 28.692303
121.467708 28.692303
121.467708 28.692303
121.467708 28.692303
121.467708 28.692303
121.467706 28.692301
121.467708 28.6923
121.467708 28.6923
121.467708 28.6923
121.467708 28.6923
121.467708 28.6923
121.467708 28.6923
121.467708 28.6923
121.467708 28.692298
121.467708 28.692298
121.467708 28.692298
121.467706 28.692296
121.467706 28.692296
121.467706 28.692296
121.467688 28.692261
121.467696 28.692268
121.467696 28.692276
121.467698 28.69228
121.467701 28.69228
121.467703 28.69228
121.467705 28.692281
121.467705 28.692283
121.467708 28.692283
121.46771 28.692283
121.467708 28.69228
121.467708 28.69228
121.467708 28.69228
121.467708 28.69228
121.467706 28.69228
121.467706 28.69228
121.467706 28.69228
121.467706 28.692281
121.467708 28.692281
121.467706 28.692283
121.467706 28.692281
121.467718 28.692285
121.467708 28.692291
121.46771 28.692286
121.467711 28.692288
121.467721 28.692295
121.46772 28.692295
121.467715 28.692295
121.467713 28.692295
121.467715 28.692293
121.467716 28.692291
121.467713 28.692288
121.467713 28.692288
121.467711 28.69229
121.467713 28.69229
121.467713 28.69229
121.467715 28.69229
121.467715 28.69229
121.467713 28.692288
121.467713 28.692288
121.467713 28.692288
121.467713 28.692288
121.467713 28.692288
121.467711 28.692288
121.467713 28.69229
121.467713 28.692288
121.467711 28.692288
121.467713 28.692288
121.467726 28.692285
121.467716 28.692281
121.467711 28.692288
121.467703 28.692288
121.467701 28.69229
121.467701 28.692291
121.467701 28.692265
121.46771 28.69228
121.467711 28.692275
121.467706 28.692275
121.467715 28.692275
121.467711 28.692273
121.46769 28.692273
121.46768 28.692268
121.467696 28.692275
121.4677 28.692278
121.467696 28.692276
121.4677 28.692276
121.467701 28.692278
121.467703 28.692278
121.467703 28.692276
121.467705 28.692278
121.467706 28.69228
121.467708 28.69228
121.467708 28.69228
121.46771 28.69228
121.46771 28.692281
121.467708 28.692281
121.46771 28.692281
121.46771 28.692281
121.467708 28.692281
121.467708 28.692281
121.467708 28.692281
121.46771 28.69228
121.467708 28.69228
121.467708 28.69228
121.467708 28.69228
121.467708 28.69228
121.467708 28.69228
121.467695 28.692305
121.467693 28.692303
121.467691 28.692301
121.467693 28.6923
121.46769 28.6923
121.467683 28.692303
121.467683 28.692306
121.46768 28.692308
121.46768 28.69231
121.46768 28.69231
121.46768 28.692308
121.467678 28.692308
121.467678 28.69231
121.467678 28.692311
121.46768 28.69231
121.46768 28.69231
121.467681 28.69231
121.467683 28.69231
121.467683 28.692308
121.467683 28.692308
121.467683 28.692308
121.467683 28.692308
121.467683 28.692308
121.467683 28.692308
121.467683 28.692308
121.467683 28.692308
121.467683 28.692308
121.467683 28.692308
121.467683 28.692308
121.467685 28.692308
121.467685 28.692308
121.467685 28.692308
121.467685 28.692308
121.467685 28.692308
121.467685 28.692308
121.467685 28.692308
121.467685 28.692308
121.467685 28.692308
121.467685 28.692308
121.467685 28.692308
121.467686 28.692306
121.467686 28.692306
121.467688 28.692306
121.46769 28.692306
121.46769 28.692306
121.467691 28.692306
121.467691 28.692305
121.467691 28.692305
121.467676 28.692296
121.467688 28.692291
121.467695 28.692291
121.467701 28.69229
121.467706 28.692291
121.467708 28.692298
121.467725 28.692311
121.46772 28.692305
121.467721 28.692305
121.467716 28.692305
121.467715 28.692305
121.467715 28.692301
121.467715 28.6923
121.467718 28.692301
121.46772 28.692301
121.467718 28.6923
121.46772 28.692301
121.46772 28.692303
121.46772 28.692303
121.467718 28.692303
121.467718 28.692303
121.467715 28.692303
121.467715 28.692301
121.467713 28.692301
121.467713 28.692301
121.467713 28.692301
121.467713 28.6923
121.467713 28.6923
121.467713 28.692298
121.467711 28.692298
121.467711 28.692298
121.467708 28.692281
121.467708 28.69228
121.467708 28.69228
121.467708 28.69228
121.467708 28.69228
121.467708 28.69228
121.467708 28.69228
121.467708 28.692278
121.467708 28.692278
121.467708 28.692278
121.467708 28.692278
121.467703 28.69228
121.467706 28.69228
121.467706 28.692286
121.467708 28.692293
121.467708 28.692295
121.467708 28.692295
121.467706 28.692295
121.467705 28.692295
121.467703 28.692293
121.467715 28.692311
121.467713 28.69231
121.467716 28.692311
121.467718 28.692311
121.467718 28.692313
121.467718 28.692313
121.46772 28.692311
121.467718 28.692313
121.467718 28.692311
121.46772 28.692313
121.467721 28.692313
121.467721 28.692313
121.467721 28.692313
121.467721 28.692313
121.46772 28.692315
121.46772 28.692313
121.467721 28.692313
121.46772 28.692315
121.46772 28.692313
121.46772 28.692315
121.46772 28.692315
121.467718 28.692315
121.467716 28.692315
121.467706 28.692318
121.467705 28.692318
121.467703 28.692316
121.467701 28.692318
121.467703 28.692321
121.467703 28.692318
121.467703 28.692318
121.467688 28.692291
121.467708 28.692288
121.467703 28.692295
121.467701 28.692301
121.467701 28.692305
121.467705 28.692275
121.467683 28.692298
121.467693 28.692313
121.467696 28.692315
121.4677 28.692316
121.467703 28.692315
121.467705 28.692316
121.467703 28.692313
121.4677 28.692313
121.467698 28.692313
121.467696 28.692311
121.467695 28.692311
121.467693 28.692311
121.46769 28.692311
121.46769 28.692311
121.46769 28.692311
121.46769 28.692311
121.46769 28.692311
121.46769 28.692313
121.46769 28.692313
121.467693 28.692315
121.467693 28.692315
121.467695 28.692315
121.467695 28.692315
121.467696 28.692316
121.467698 28.692316
121.467698 28.692318
121.467698 28.692318
121.4677 28.692318
121.4677 28.692318
121.4677 28.692318
121.4677 28.69232
121.467701 28.69232
121.467701 28.692321
121.467701 28.692321
121.467701 28.692321
121.467701 28.692321
121.467703 28.692323
121.467703 28.692323
121.467703 28.692323
121.467703 28.692323
121.467703 28.692323
121.467703 28.692323
121.467703 28.692323
121.467703 28.692323
121.467703 28.692323
121.467703 28.692323
121.467703 28.692323
121.467705 28.692323
121.467705 28.692325
121.467705 28.692325
121.467705 28.692325
121.467705 28.692325
121.467705 28.692325
121.467705 28.692325
121.467705 28.692325
121.467703 28.692323
121.467703 28.692323
121.467703 28.692323
121.467703 28.692323
121.467703 28.692323
121.467703 28.692323
121.467703 28.692323
121.467703 28.692323
121.467703 28.692323
121.467703 28.692323
121.467703 28.692323
121.467703 28.692321
121.467703 28.692321
121.467703 28.692321
121.467703 28.692321
121.467705 28.692321
121.467705 28.692321
121.467705 28.692321
121.467705 28.692321
121.467705 28.692321
121.4677 28.692325
121.467698 28.692335
121.467706 28.692323
121.467706 28.692321
121.467706 28.69232
121.467706 28.692318
121.467705 28.692318
121.467701 28.692318
121.467703 28.692318
121.467703 28.692318
121.467703 28.692315
121.467701 28.692315
121.467701 28.692313
121.467691 28.69233
121.467695 28.692306
121.467688 28.692303
121.467686 28.692305
121.467701 28.692313
121.467693 28.692315
121.467698 28.69231
121.467696 28.692313
121.46769 28.692315
121.467688 28.692315
121.467688 28.692313
121.467686 28.692311
121.467688 28.692313
121.467688 28.692313
121.46769 28.692313
121.467688 28.692313
121.46769 28.692313
121.46769 28.692311
121.46769 28.692311
121.467691 28.692311
121.467691 28.69231
121.467691 28.69231
121.467691 28.692311
121.467691 28.692313
121.467691 28.692313
121.467695 28.692303
121.467708 28.692295
121.46771 28.692301
121.467706 28.692301
121.467701 28.692301
121.467708 28.692303
121.467708 28.692303
121.467711 28.692303
121.467713 28.692301
121.467715 28.6923
121.467715 28.692298
121.467715 28.692298
121.467715 28.692298
121.467713 28.692296
121.467713 28.692296
121.467713 28.692296
121.467713 28.692296
121.467713 28.692295
121.467713 28.692293
121.467713 28.692293
121.467713 28.692291
121.467713 28.692291
121.467711 28.692291
121.467711 28.692291
121.467711 28.69229
121.467711 28.69229
121.467711 28.69229
121.467711 28.692288
121.467711 28.692288
121.467711 28.692288
121.467711 28.692288
121.467711 28.692288
121.467711 28.692286
121.467711 28.692286
121.467711 28.692286
121.467711 28.692285
121.467713 28.692285
121.467713 28.692285
121.467713 28.692285
121.467713 28.692285
121.467713 28.692283
121.467713 28.692283
121.467713 28.692283
121.467713 28.692283
121.467713 28.692283
121.467713 28.692283
121.467713 28.692283
121.467713 28.692283
121.467713 28.692283
121.467713 28.692283
121.467713 28.692283
121.467713 28.692283
121.467713 28.692283
121.467713 28.692283
121.467713 28.692283
121.467713 28.692283
121.467713 28.692283
121.467713 28.692283
121.467713 28.692283
121.467713 28.692283
121.467713 28.692283
121.467731 28.69232
121.467716 28.692308
121.467701 28.692293
121.467705 28.692293
121.467705 28.6923
121.4677 28.6923
121.467698 28.6923
121.467701 28.6923
121.467701 28.692301
121.467701 28.692303
121.467701 28.692301
121.4677 28.692301
121.4677 28.692301
121.467701 28.692301
121.467703 28.692301
121.467703 28.692301
121.467705 28.692301
121.467705 28.692301
121.467705 28.692301
121.467706 28.692301
121.46768 28.692293
121.467698 28.692295
121.467708 28.692301
121.467706 28.692303
121.467711 28.692298
121.467711 28.692298
121.467713 28.6923
121.467713 28.692301
121.467711 28.6923
121.467708 28.6923
121.46771 28.692301
121.467708 28.692301
121.46771 28.692301
121.46771 28.692301
121.46771 28.692301
121.46771 28.692301
121.46771 28.692301
121.46771 28.692301
121.46771 28.692301
121.46771 28.692301
121.46771 28.692303
121.467708 28.692303
121.467708 28.692303
121.467708 28.692303
121.467708 28.692303
121.467708 28.692303
121.467706 28.692301
121.467708 28.6923
121.467708 28.6923
121.467708 28.6923
121.467708 28.6923
121.467708 28.6923
121.467708 28.6923
121.467708 28.6923
121.467708 28.692298
121.467708 28.692298
121.467708 28.692298
121.467706 28.692296
121.467706 28.692296
121.467706 28.692296
121.467688 28.692261
121.467696 28.692268
121.467696 28.692276
121.467698 28.69228
121.467701 28.69228
121.467703 28.69228
121.467705 28.692281
121.467705 28.692283
121.467708 28.692283
121.46771 28.692283
121.467708 28.69228
121.467708 28.69228
121.467708 28.69228
121.467708 28.69228
121.467706 28.69228
121.467706 28.69228
121.467706 28.69228
121.467706 28.692281
121.467708 28.692281
121.467706 28.692283
121.467706 28.692281
121.467718 28.692285
121.467708 28.692291
121.46771 28.692286
121.467711 28.692288
121.467721 28.692295
121.46772 28.692295
121.467715 28.692295
121.467713 28.692295
121.467715 28.692293
121.467716 28.692291
121.467713 28.692288
121.467713 28.692288
121.467711 28.69229
121.467713 28.69229
121.467713 28.69229
121.467715 28.69229
121.467715 28.69229
121.467713 28.692288
121.467713 28.692288
121.467713 28.692288
121.467713 28.692288
121.467713 28.692288
121.467711 28.692288
121.467713 28.69229
121.467713 28.692288
121.467711 28.692288
121.467713 28.692288
121.467726 28.692285
121.467716 28.692281
121.467711 28.692288
121.467703 28.692288
121.467701 28.69229
121.467701 28.692291
121.467701 28.692265
121.46771 28.69228
121.467711 28.692275
121.467706 28.692275
121.467715 28.692275
121.467711 28.692273
121.46769 28.692273
121.46768 28.692268
121.467696 28.692275
121.4677 28.692278
121.467696 28.692276
121.4677 28.692276
121.467701 28.692278
121.467703 28.692278
121.467703 28.692276
121.467705 28.692278
121.467706 28.69228
121.467708 28.69228
121.467708 28.69228
121.46771 28.69228
121.46771 28.692281
121.467708 28.692281
121.46771 28.692281
121.46771 28.692281
121.467708 28.692281
121.467708 28.692281
121.467708 28.692281
121.46771 28.69228
121.467708 28.69228
121.467708 28.69228
121.467708 28.69228
121.467708 28.69228
121.467708 28.69228
121.467695 28.692305
121.467693 28.692303
121.467691 28.692301
121.467693 28.6923
121.46769 28.6923
121.467683 28.692303
121.467683 28.692306
121.46768 28.692308
121.46768 28.69231
121.46768 28.69231
121.46768 28.692308
121.467678 28.692308
121.467678 28.69231
121.467678 28.692311
121.46768 28.69231
121.46768 28.69231
121.467681 28.69231
121.467683 28.69231
121.467683 28.692308
121.467683 28.692308
121.467683 28.692308
121.467683 28.692308
121.467683 28.692308
121.467683 28.692308
121.467683 28.692308
121.467683 28.692308
121.467683 28.692308
121.467683 28.692308
121.467683 28.692308
121.467685 28.692308
121.467685 28.692308
121.467685 28.692308
121.467685 28.692308
121.467685 28.692308
121.467685 28.692308
121.467685 28.692308
121.467685 28.692308
121.467685 28.692308
121.467685 28.692308
121.467685 28.692308
121.467686 28.692306
121.467686 28.692306
121.467688 28.692306
121.46769 28.692306
121.46769 28.692306
121.467691 28.692306
121.467691 28.692305
121.467691 28.692305
121.467676 28.692296
121.467688 28.692291
121.467695 28.692291
121.467701 28.69229
121.467706 28.692291
121.467708 28.692298
121.467725 28.692311
121.46772 28.692305
121.467721 28.692305
121.467716 28.692305
121.467715 28.692305
121.467715 28.692301
121.467715 28.6923
121.467718 28.692301
121.46772 28.692301
121.467718 28.6923
121.46772 28.692301
121.46772 28.692303
121.46772 28.692303
121.467718 28.692303
121.467718 28.692303
121.467715 28.692303
121.467715 28.692301
121.467713 28.692301
121.467713 28.692301
121.467713 28.692301
121.467713 28.6923
121.467713 28.6923
121.467713 28.692298
121.467711 28.692298
121.467711 28.692298
121.467708 28.692281
121.467708 28.69228
121.467708 28.69228
121.467708 28.69228
121.467708 28.69228
121.467708 28.69228
121.467708 28.69228
121.467708 28.692278
121.467708 28.692278
121.467708 28.692278
121.467708 28.692278
121.467703 28.69228
121.467706 28.69228
121.467706 28.692286
121.467708 28.692293
121.467708 28.692295
121.467708 28.692295
121.467706 28.692295
121.467705 28.692295
121.467703 28.692293
121.467715 28.692311
121.467713 28.69231
121.467716 28.692311
121.467718 28.692311
121.467718 28.692313
121.467718 28.692313
121.46772 28.692311
121.467718 28.692313
121.467718 28.692311
121.46772 28.692313
121.467721 28.692313
121.467721 28.692313
121.467721 28.692313
121.467721 28.692313
121.46772 28.692315
121.46772 28.692313
121.467721 28.692313
121.46772 28.692315
121.46772 28.692313
121.46772 28.692315
121.46772 28.692315
121.467718 28.692315
121.467716 28.692315
121.467706 28.692318
121.467705 28.692318
121.467703 28.692316
121.467701 28.692318
121.467703 28.692321
121.467703 28.692318
121.467703 28.692318
121.467688 28.692291
121.467708 28.692288
121.467703 28.692295
121.467701 28.692301
121.467701 28.692305
121.467705 28.692275
121.467683 28.692298
121.467693 28.692313
121.467696 28.692315
121.4677 28.692316
121.467703 28.692315
121.467705 28.692316
121.467703 28.692313
121.4677 28.692313
121.467698 28.692313
121.467696 28.692311
121.467695 28.692311
121.467693 28.692311
121.46769 28.692311
121.46769 28.692311
121.46769 28.692311
121.46769 28.692311
121.46769 28.692311
121.46769 28.692313
121.46769 28.692313
121.467693 28.692315
121.467693 28.692315
121.467695 28.692315
121.467695 28.692315
121.467696 28.692316
121.467698 28.692316
121.467698 28.692318
121.467698 28.692318
121.4677 28.692318
121.4677 28.692318
121.4677 28.692318
121.4677 28.69232
121.467701 28.69232
121.467701 28.692321
121.467701 28.692321
121.467701 28.692321
121.467701 28.692321
121.467703 28.692323
121.467703 28.692323
121.467703 28.692323
121.467703 28.692323
121.467703 28.692323
121.467703 28.692323
121.467703 28.692323
121.467703 28.692323
121.467703 28.692323
121.467703 28.692323
121.467703 28.692323
121.467705 28.692323
121.467705 28.692325
121.467705 28.692325
121.467705 28.692325
121.467705 28.692325
121.467705 28.692325
121.467705 28.692325
121.467705 28.692325
121.467703 28.692323
121.467703 28.692323
121.467703 28.692323
121.467703 28.692323
121.467703 28.692323
121.467703 28.692323
121.467703 28.692323
121.467703 28.692323
121.467703 28.692323
121.467703 28.692323
121.467703 28.692323
121.467703 28.692321
121.467703 28.692321
121.467703 28.692321
121.467703 28.692321
121.467705 28.692321
121.467705 28.692321
121.467705 28.692321
121.467705 28.692321
121.467705 28.692321
121.4677 28.692325
121.467698 28.692335
121.467706 28.692323
121.467706 28.692321
121.467706 28.69232
121.467706 28.692318
121.467705 28.692318
121.467701 28.692318
121.467703 28.692318
121.467703 28.692318
121.467703 28.692315
121.467701 28.692315
121.467701 28.692313
121.467691 28.69233
121.467695 28.692306
121.467688 28.692303
121.467686 28.692305
121.467701 28.692313
121.467693 28.692315
121.467698 28.69231
121.467696 28.692313
121.46769 28.692315
121.467688 28.692315
121.467688 28.692313
121.467686 28.692311
121.467688 28.692313
121.467688 28.692313
121.46769 28.692313
121.467688 28.692313
121.46769 28.692313
121.46769 28.692311
121.46769 28.692311
121.467691 28.692311
121.467691 28.69231
121.467691 28.69231
121.467691 28.692311
121.467691 28.692313
121.467691 28.692313
121.467695 28.692303
121.467708 28.692295
121.46771 28.692301
121.467706 28.692301
121.467701 28.692301
121.467708 28.692303
121.467708 28.692303
121.467711 28.692303
121.467713 28.692301
121.467715 28.6923
121.467715 28.692298
121.467715 28.692298
121.467715 28.692298
121.467713 28.692296
121.467713 28.692296
121.467713 28.692296
121.467713 28.692296
121.467713 28.692295
121.467713 28.692293
121.467713 28.692293
121.467713 28.692291
121.467713 28.692291
121.467711 28.692291
121.467711 28.692291
121.467711 28.69229
121.467711 28.69229
121.467711 28.69229
121.467711 28.692288
121.467711 28.692288
121.467711 28.692288
121.467711 28.692288
121.467711 28.692288
121.467711 28.692286
121.467711 28.692286
121.467711 28.692286
121.467711 28.692285
121.467713 28.692285
121.467713 28.692285
121.467713 28.692285
121.467713 28.692285
121.467713 28.692283
121.467713 28.692283
121.467713 28.692283
121.467713 28.692283
121.467713 28.692283
121.467713 28.692283
121.467713 28.692283
121.467713 28.692283
121.467713 28.692283
121.467713 28.692283
121.467713 28.692283
121.467713 28.692283
121.467713 28.692283
121.467713 28.692283
121.467713 28.692283
121.467713 28.692283
121.467713 28.692283
121.467713 28.692283
121.467713 28.692283
121.467713 28.692283
121.467713 28.692283
121.467731 28.69232
121.467716 28.692308
121.467701 28.692293
121.467705 28.692293
121.467705 28.6923
121.4677 28.6923
121.467698 28.6923
121.467701 28.6923
121.467701 28.692301
121.467701 28.692303
121.467701 28.692301
121.4677 28.692301
121.4677 28.692301
121.467701 28.692301
121.467703 28.692301
121.467703 28.692301
121.467705 28.692301
121.467705 28.692301
121.467705 28.692301
121.467706 28.692301
121.46768 28.692293
121.467698 28.692295
121.467708 28.692301
121.467706 28.692303
121.467711 28.692298
121.467711 28.692298
121.467713 28.6923
121.467713 28.692301
121.467711 28.6923
121.467708 28.6923
121.46771 28.692301
121.467708 28.692301
121.46771 28.692301
121.46771 28.692301
121.46771 28.692301
121.46771 28.692301
121.46771 28.692301
121.46771 28.692301
121.46771 28.692301
121.46771 28.692301
121.46771 28.692303
121.467708 28.692303
121.467708 28.692303
121.467708 28.692303
121.467708 28.692303
121.467708 28.692303
121.467706 28.692301
121.467708 28.6923
121.467708 28.6923
121.467708 28.6923
121.467708 28.6923
121.467708 28.6923
121.467708 28.6923
121.467708 28.6923
121.467708 28.692298
121.467708 28.692298
121.467708 28.692298
121.467706 28.692296
121.467706 28.692296
121.467706 28.692296
121.467688 28.692261
121.467696 28.692268
121.467696 28.692276
121.467698 28.69228
121.467701 28.69228
121.467703 28.69228
121.467705 28.692281
121.467705 28.692283
121.467708 28.692283
121.46771 28.692283
121.467708 28.69228
121.467708 28.69228
121.467708 28.69228
121.467708 28.69228
121.467706 28.69228
121.467706 28.69228
121.467706 28.69228
121.467706 28.692281
121.467708 28.692281
121.467706 28.692283
121.467706 28.692281
121.467718 28.692285
121.467708 28.692291
121.46771 28.692286
121.467711 28.692288
121.467721 28.692295
121.46772 28.692295
121.467715 28.692295
121.467713 28.692295
121.467715 28.692293
121.467716 28.692291
121.467713 28.692288
121.467713 28.692288
121.467711 28.69229
121.467713 28.69229
121.467713 28.69229
121.467715 28.69229
121.467715 28.69229
121.467713 28.692288
121.467713 28.692288
121.467713 28.692288
121.467713 28.692288
121.467713 28.692288
121.467711 28.692288
121.467713 28.69229
121.467713 28.692288
121.467711 28.692288
121.467713 28.692288
121.467726 28.692285
121.467716 28.692281
121.467711 28.692288
121.467703 28.692288
121.467701 28.69229
121.467701 28.692291
121.467701 28.692265
121.46771 28.69228
121.467711 28.692275
121.467706 28.692275
121.467715 28.692275
121.467711 28.692273
121.46769 28.692273
121.46768 28.692268
121.467696 28.692275
121.4677 28.692278
121.467696 28.692276
121.4677 28.692276
121.467701 28.692278
121.467703 28.692278
121.467703 28.692276
121.467705 28.692278
121.467706 28.69228
121.467708 28.69228
121.467708 28.69228
121.46771 28.69228
121.46771 28.692281
121.467708 28.692281
121.46771 28.692281
121.46771 28.692281
121.467708 28.692281
121.467708 28.692281
121.467708 28.692281
121.46771 28.69228
121.467708 28.69228
121.467708 28.69228
121.467708 28.69228
121.467708 28.69228
121.467708 28.69228
121.467695 28.692305
121.467693 28.692303
121.467691 28.692301
121.467693 28.6923
121.46769 28.6923
121.467683 28.692303
121.467683 28.692306
121.46768 28.692308
121.46768 28.69231
121.46768 28.69231
121.46768 28.692308
121.467678 28.692308
121.467678 28.69231
121.467678 28.692311
121.46768 28.69231
121.46768 28.69231
121.467681 28.69231
121.467683 28.69231
121.467683 28.692308
121.467683 28.692308
121.467683 28.692308
121.467683 28.692308
121.467683 28.692308
121.467683 28.692308
121.467683 28.692308
121.467683 28.692308
121.467683 28.692308
121.467683 28.692308
121.467683 28.692308
121.467685 28.692308
121.467685 28.692308
121.467685 28.692308
121.467685 28.692308
121.467685 28.692308
121.467685 28.692308
121.467685 28.692308
121.467685 28.692308
121.467685 28.692308
121.467685 28.692308
121.467685 28.692308
121.467686 28.692306
121.467686 28.692306
121.467688 28.692306
121.46769 28.692306
121.46769 28.692306
121.467691 28.692306
121.467691 28.692305
121.467691 28.692305
121.467676 28.692296
121.467688 28.692291
121.467695 28.692291
121.467701 28.69229
121.467706 28.692291
121.467708 28.692298
121.467725 28.692311
121.46772 28.692305
121.467721 28.692305
121.467716 28.692305
121.467715 28.692305
121.467715 28.692301
121.467715 28.6923
121.467718 28.692301
121.46772 28.692301
121.467718 28.6923
121.46772 28.692301
121.46772 28.692303
121.46772 28.692303
121.467718 28.692303
121.467718 28.692303
121.467715 28.692303
121.467715 28.692301
121.467713 28.692301
121.467713 28.692301
121.467713 28.692301
121.467713 28.6923
121.467713 28.6923
121.467713 28.692298
121.467711 28.692298
121.467711 28.692298
121.467708 28.692281
121.467708 28.69228
121.467708 28.69228
121.467708 28.69228
121.467708 28.69228
121.467708 28.69228
121.467708 28.69228
121.467708 28.692278
121.467708 28.692278
121.467708 28.692278
121.467708 28.692278
121.467703 28.69228
121.467706 28.69228
121.467706 28.692286
121.467708 28.692293
121.467708 28.692295
121.467708 28.692295
121.467706 28.692295
121.467705 28.692295
121.467703 28.692293
121.467715 28.692311
121.467713 28.69231
121.467716 28.692311
121.467718 28.692311
121.467718 28.692313
121.467718 28.692313
121.46772 28.692311
121.467718 28.692313
121.467718 28.692311
121.46772 28.692313
121.467721 28.692313
121.467721 28.692313
121.467721 28.692313
121.467721 28.692313
121.46772 28.692315
121.46772 28.692313
121.467721 28.692313
121.46772 28.692315
121.46772 28.692313
121.46772 28.692315
121.46772 28.692315
121.467718 28.692315
121.467716 28.692315
121.467706 28.692318
121.467705 28.692318
121.467703 28.692316
121.467701 28.692318
121.467703 28.692321
121.467703 28.692318
121.467703 28.692318
121.467688 28.692291
121.467708 28.692288
121.467703 28.692295
121.467701 28.692301
121.467701 28.692305
121.467705 28.692275
121.467683 28.692298
121.467693 28.692313
121.467696 28.692315
121.4677 28.692316
121.467703 28.692315
121.467705 28.692316
121.467703 28.692313
121.4677 28.692313
121.467698 28.692313
121.467696 28.692311
121.467695 28.692311
121.467693 28.692311
121.46769 28.692311
121.46769 28.692311
121.46769 28.692311
121.46769 28.692311
121.46769 28.692311
121.46769 28.692313
121.46769 28.692313
121.467693 28.692315
121.467693 28.692315
121.467695 28.692315
121.467695 28.692315
121.467696 28.692316
121.467698 28.692316
121.467698 28.692318
121.467698 28.692318
121.4677 28.692318
121.4677 28.692318
121.4677 28.692318
121.4677 28.69232
121.467701 28.69232
121.467701 28.692321
121.467701 28.692321
121.467701 28.692321
121.467701 28.692321
121.467703 28.692323
121.467703 28.692323
121.467703 28.692323
121.467703 28.692323
121.467703 28.692323
121.467703 28.692323
121.467703 28.692323
121.467703 28.692323
121.467703 28.692323
121.467703 28.692323
121.467703 28.692323
121.467705 28.692323
121.467705 28.692325
121.467705 28.692325
121.467705 28.692325
121.467705 28.692325
121.467705 28.692325
121.467705 28.692325
121.467705 28.692325
121.467703 28.692323
121.467703 28.692323
121.467703 28.692323
121.467703 28.692323
121.467703 28.692323
121.467703 28.692323
121.467703 28.692323
121.467703 28.692323
121.467703 28.692323
121.467703 28.692323
121.467703 28.692323
121.467703 28.692321
121.467703 28.692321
121.467703 28.692321
121.467703 28.692321
121.467705 28.692321
121.467705 28.692321
121.467705 28.692321
121.467705 28.692321
121.467705 28.692321
121.4677 28.692325
121.467698 28.692335
121.467706 28.692323
121.467706 28.692321
121.467706 28.69232
121.467706 28.692318
121.467705 28.692318
121.467701 28.692318
121.467703 28.692318
121.467703 28.692318
121.467703 28.692315
121.467701 28.692315
121.467701 28.692313
121.467691 28.69233
121.467695 28.692306
121.467688 28.692303
121.467686 28.692305
121.467701 28.692313
121.467693 28.692315
121.467698 28.69231
121.467696 28.692313
121.46769 28.692315
121.467688 28.692315
121.467688 28.692313
121.467686 28.692311
121.467688 28.692313
121.467688 28.692313
121.46769 28.692313
121.467688 28.692313
121.46769 28.692313
121.46769 28.692311
121.46769 28.692311
121.467691 28.692311
121.467691 28.69231
121.467691 28.69231
121.467691 28.692311
121.467691 28.692313
121.467691 28.692313
121.467695 28.692303
121.467708 28.692295
121.46771 28.692301
121.467706 28.692301
121.467701 28.692301
121.467708 28.692303
121.467708 28.692303
121.467711 28.692303
121.467713 28.692301
121.467715 28.6923
121.467715 28.692298
121.467715 28.692298
121.467715 28.692298
121.467713 28.692296
121.467713 28.692296
121.467713 28.692296
121.467713 28.692296
121.467713 28.692295
121.467713 28.692293
121.467713 28.692293
121.467713 28.692291
121.467713 28.692291
121.467711 28.692291
121.467711 28.692291
121.467711 28.69229
121.467711 28.69229
121.467711 28.69229
121.467711 28.692288
121.467711 28.692288
121.467711 28.692288
121.467711 28.692288
121.467711 28.692288
121.467711 28.692286
121.467711 28.692286
121.467711 28.692286
121.467711 28.692285
121.467713 28.692285
121.467713 28.692285
121.467713 28.692285
121.467713 28.692285
121.467713 28.692283
121.467713 28.692283
121.467713 28.692283
121.467713 28.692283
121.467713 28.692283
121.467713 28.692283
121.467713 28.692283
121.467713 28.692283
121.467713 28.692283
121.467713 28.692283
121.467713 28.692283
121.467713 28.692283
121.467713 28.692283
121.467713 28.692283
121.467713 28.692283
121.467713 28.692283
121.467713 28.692283
121.467713 28.692283
121.467713 28.692283
121.467713 28.692283
121.467713 28.692283
121.467731 28.69232
121.467716 28.692308
121.467701 28.692293
121.467705 28.692293
121.467705 28.6923
121.4677 28.6923
121.467698 28.6923
121.467701 28.6923
121.467701 28.692301
121.467701 28.692303
121.467701 28.692301
121.4677 28.692301
121.4677 28.692301
121.467701 28.692301
121.467703 28.692301
121.467703 28.692301
121.467705 28.692301
121.467705 28.692301
121.467705 28.692301
121.467706 28.692301
121.46768 28.692293
121.467698 28.692295
121.467708 28.692301
121.467706 28.692303
121.467711 28.692298
121.467711 28.692298
121.467713 28.6923
121.467713 28.692301
121.467711 28.6923
121.467708 28.6923
121.46771 28.692301
121.467708 28.692301
121.46771 28.692301
121.46771 28.692301
121.46771 28.692301
121.46771 28.692301
121.46771 28.692301
121.46771 28.692301
121.46771 28.692301
121.46771 28.692301
121.46771 28.692303
121.467708 28.692303
121.467708 28.692303
121.467708 28.692303
121.467708 28.692303
121.467708 28.692303
121.467706 28.692301
121.467708 28.6923
121.467708 28.6923
121.467708 28.6923
121.467708 28.6923
121.467708 28.6923
121.467708 28.6923
121.467708 28.6923
121.467708 28.692298
121.467708 28.692298
121.467708 28.692298
121.467706 28.692296
121.467706 28.692296
121.467706 28.692296
121.467688 28.692261
121.467696 28.692268
121.467696 28.692276
121.467698 28.69228
121.467701 28.69228
121.467703 28.69228
121.467705 28.692281
121.467705 28.692283
121.467708 28.692283
121.46771 28.692283
121.467708 28.69228
121.467708 28.69228
121.467708 28.69228
121.467708 28.69228
121.467706 28.69228
121.467706 28.69228
121.467706 28.69228
121.467706 28.692281
121.467708 28.692281
121.467706 28.692283
121.467706 28.692281
121.467718 28.692285
121.467708 28.692291
121.46771 28.692286
121.467711 28.692288
121.467721 28.692295
121.46772 28.692295
121.467715 28.692295
121.467713 28.692295
121.467715 28.692293
121.467716 28.692291
121.467713 28.692288
121.467713 28.692288
121.467711 28.69229
121.467713 28.69229
121.467713 28.69229
121.467715 28.69229
121.467715 28.69229
121.467713 28.692288
121.467713 28.692288
121.467713 28.692288
121.467713 28.692288
121.467713 28.692288
121.467711 28.692288
121.467713 28.69229
121.467713 28.692288
121.467711 28.692288
121.467713 28.692288
121.467726 28.692285
121.467716 28.692281
121.467711 28.692288
121.467703 28.692288
121.467701 28.69229
121.467701 28.692291
121.467701 28.692265
121.46771 28.69228
121.467711 28.692275
121.467706 28.692275
121.467715 28.692275
121.467711 28.692273
121.46769 28.692273
121.46768 28.692268
121.467696 28.692275
121.4677 28.692278
121.467696 28.692276
121.4677 28.692276
121.467701 28.692278
121.467703 28.692278
121.467703 28.692276
121.467705 28.692278
121.467706 28.69228
121.467708 28.69228
121.467708 28.69228
121.46771 28.69228
121.46771 28.692281
121.467708 28.692281
121.46771 28.692281
121.46771 28.692281
121.467708 28.692281
121.467708 28.692281
121.467708 28.692281
121.46771 28.69228
121.467708 28.69228
121.467708 28.69228
121.467708 28.69228
121.467708 28.69228
121.467708 28.69228
121.467695 28.692305
121.467693 28.692303
121.467691 28.692301
121.467693 28.6923
121.46769 28.6923
121.467683 28.692303
121.467683 28.692306
121.46768 28.692308
121.46768 28.69231
121.46768 28.69231
121.46768 28.692308
121.467678 28.692308
121.467678 28.69231
121.467678 28.692311
121.46768 28.69231
121.46768 28.69231
121.467681 28.69231
121.467683 28.69231
121.467683 28.692308
121.467683 28.692308
121.467683 28.692308
121.467683 28.692308
121.467683 28.692308
121.467683 28.692308
121.467683 28.692308
121.467683 28.692308
121.467683 28.692308
121.467683 28.692308
121.467683 28.692308
121.467685 28.692308
121.467685 28.692308
121.467685 28.692308
121.467685 28.692308
121.467685 28.692308
121.467685 28.692308
121.467685 28.692308
121.467685 28.692308
121.467685 28.692308
121.467685 28.692308
121.467685 28.692308
121.467686 28.692306
121.467686 28.692306
121.467688 28.692306
121.46769 28.692306
121.46769 28.692306
121.467691 28.692306
121.467691 28.692305
121.467691 28.692305
121.467676 28.692296
121.467688 28.692291
121.467695 28.692291
121.467701 28.69229
121.467706 28.692291
121.467708 28.692298
121.467725 28.692311
121.46772 28.692305
121.467721 28.692305
121.467716 28.692305
121.467715 28.692305
121.467715 28.692301
121.467715 28.6923
121.467718 28.692301
121.46772 28.692301
121.467718 28.6923
121.46772 28.692301
121.46772 28.692303
121.46772 28.692303
121.467718 28.692303
121.467718 28.692303
121.467715 28.692303
121.467715 28.692301
121.467713 28.692301
121.467713 28.692301
121.467713 28.692301
121.467713 28.6923
121.467713 28.6923
121.467713 28.692298
121.467711 28.692298
121.467711 28.692298
121.467708 28.692281
121.467708 28.69228
121.467708 28.69228
121.467708 28.69228
121.467708 28.69228
121.467708 28.69228
121.467708 28.69228
121.467708 28.692278
121.467708 28.692278
121.467708 28.692278
121.467708 28.692278
121.467703 28.69228
121.467706 28.69228
121.467706 28.692286
121.467708 28.692293
121.467708 28.692295
121.467708 28.692295
121.467706 28.692295
121.467705 28.692295
121.467703 28.692293
121.467715 28.692311
121.467713 28.69231
121.467716 28.692311
121.467718 28.692311
121.467718 28.692313
121.467718 28.692313
121.46772 28.692311
121.467718 28.692313
121.467718 28.692311
121.46772 28.692313
121.467721 28.692313
121.467721 28.692313
121.467721 28.692313
121.467721 28.692313
121.46772 28.692315
121.46772 28.692313
121.467721 28.692313
121.46772 28.692315
121.46772 28.692313
121.46772 28.692315
121.46772 28.692315
121.467718 28.692315
121.467716 28.692315
121.467706 28.692318
121.467705 28.692318
121.467703 28.692316
121.467701 28.692318
121.467703 28.692321
121.467703 28.692318
121.467703 28.692318
121.467688 28.692291
121.467708 28.692288
121.467703 28.692295
121.467701 28.692301
121.467701 28.692305
121.467705 28.692275
121.467683 28.692298
121.467693 28.692313
121.467696 28.692315
121.4677 28.692316
121.467703 28.692315
121.467705 28.692316
121.467703 28.692313
121.4677 28.692313
121.467698 28.692313
121.467696 28.692311
121.467695 28.692311
121.467693 28.692311
121.46769 28.692311
121.46769 28.692311
121.46769 28.692311
121.46769 28.692311
121.46769 28.692311
121.46769 28.692313
121.46769 28.692313
121.467693 28.692315
121.467693 28.692315
121.467695 28.692315
121.467695 28.692315
121.467696 28.692316
121.467698 28.692316
121.467698 28.692318
121.467698 28.692318
121.4677 28.692318
121.4677 28.692318
121.4677 28.692318
121.4677 28.69232
121.467701 28.69232
121.467701 28.692321
121.467701 28.692321
121.467701 28.692321
121.467701 28.692321
121.467703 28.692323
121.467703 28.692323
121.467703 28.692323
121.467703 28.692323
121.467703 28.692323
121.467703 28.692323
121.467703 28.692323
121.467703 28.692323
121.467703 28.692323
121.467703 28.692323
121.467703 28.692323
121.467705 28.692323
121.467705 28.692325
121.467705 28.692325
121.467705 28.692325
121.467705 28.692325
121.467705 28.692325
121.467705 28.692325
121.467705 28.692325
121.467703 28.692323
121.467703 28.692323
121.467703 28.692323
121.467703 28.692323
121.467703 28.692323
121.467703 28.692323
121.467703 28.692323
121.467703 28.692323
121.467703 28.692323
121.467703 28.692323
121.467703 28.692323
121.467703 28.692321
121.467703 28.692321
121.467703 28.692321
121.467703 28.692321
121.467705 28.692321
121.467705 28.692321
121.467705 28.692321
121.467705 28.692321
121.467705 28.692321
121.4677 28.692325
121.467698 28.692335
121.467706 28.692323
121.467706 28.692321
121.467706 28.69232
121.467706 28.692318
121.467705 28.692318
121.467701 28.692318
121.467703 28.692318
121.467703 28.692318
121.467703 28.692315
121.467701 28.692315
121.467701 28.692313
121.467691 28.69233
121.467695 28.692306
121.467688 28.692303
121.467686 28.692305
121.467701 28.692313
121.467693 28.692315
121.467698 28.69231
121.467696 28.692313
121.46769 28.692315
121.467688 28.692315
121.467688 28.692313
121.467686 28.692311
121.467688 28.692313
121.467688 28.692313
121.46769 28.692313
121.467688 28.692313
121.46769 28.692313
121.46769 28.692311
121.46769 28.692311
121.467691 28.692311
121.467691 28.69231
121.467691 28.69231
121.467691 28.692311
121.467691 28.692313
121.467691 28.692313
121.467695 28.692303
121.467708 28.692295
121.46771 28.692301
121.467706 28.692301
121.467701 28.692301
121.467708 28.692303
121.467708 28.692303
121.467711 28.692303
121.467713 28.692301
121.467715 28.6923
121.467715 28.692298
121.467715 28.692298
121.467715 28.692298
121.467713 28.692296
121.467713 28.692296
121.467713 28.692296
121.467713 28.692296
121.467713 28.692295
121.467713 28.692293
121.467713 28.692293
121.467713 28.692291
121.467713 28.692291
121.467711 28.692291
121.467711 28.692291
121.467711 28.69229
121.467711 28.69229
121.467711 28.69229
121.467711 28.692288
121.467711 28.692288
121.467711 28.692288
121.467711 28.692288
121.467711 28.692288
121.467711 28.692286
121.467711 28.692286
121.467711 28.692286
121.467711 28.692285
121.467713 28.692285
121.467713 28.692285
121.467713 28.692285
121.467713 28.692285
121.467713 28.692283
121.467713 28.692283
121.467713 28.692283
121.467713 28.692283
121.467713 28.692283
121.467713 28.692283
121.467713 28.692283
121.467713 28.692283
121.467713 28.692283
121.467713 28.692283
121.467713 28.692283
121.467713 28.692283
121.467713 28.692283
121.467713 28.692283
121.467713 28.692283
121.467713 28.692283
121.467713 28.692283
121.467713 28.692283
121.467713 28.692283
121.467713 28.692283
121.467713 28.692283
121.467731 28.69232
121.467716 28.692308
121.467701 28.692293
121.467705 28.692293
121.467705 28.6923
121.4677 28.6923
121.467698 28.6923
121.467701 28.6923
121.467701 28.692301
121.467701 28.692303
121.467701 28.692301
121.4677 28.692301
121.4677 28.692301
121.467701 28.692301
121.467703 28.692301
121.467703 28.692301
121.467705 28.692301
121.467705 28.692301
121.467705 28.692301
121.467706 28.692301
121.46768 28.692293
121.467698 28.692295
121.467708 28.692301
121.467706 28.692303
121.467711 28.692298
121.467711 28.692298
121.467713 28.6923
121.467713 28.692301
121.467711 28.6923
121.467708 28.6923
121.46771 28.692301
121.467708 28.692301
121.46771 28.692301
121.46771 28.692301
121.46771 28.692301
121.46771 28.692301
121.46771 28.692301
121.46771 28.692301
121.46771 28.692301
121.46771 28.692301
121.46771 28.692303
121.467708 28.692303
121.467708 28.692303
121.467708 28.692303
121.467708 28.692303
121.467708 28.692303
121.467706 28.692301
121.467708 28.6923
121.467708 28.6923
121.467708 28.6923
121.467708 28.6923
121.467708 28.6923
121.467708 28.6923
121.467708 28.6923
121.467708 28.692298
121.467708 28.692298
121.467708 28.692298
121.467706 28.692296
121.467706 28.692296
121.467706 28.692296
121.467688 28.692261
121.467696 28.692268
121.467696 28.692276
121.467698 28.69228
121.467701 28.69228
121.467703 28.69228
121.467705 28.692281
121.467705 28.692283
121.467708 28.692283
121.46771 28.692283
121.467708 28.69228
121.467708 28.69228
121.467708 28.69228
121.467708 28.69228
121.467706 28.69228
121.467706 28.69228
121.467706 28.69228
121.467706 28.692281
121.467708 28.692281
121.467706 28.692283
121.467706 28.692281
121.467718 28.692285
121.467708 28.692291
121.46771 28.692286
121.467711 28.692288
121.467721 28.692295
121.46772 28.692295
121.467715 28.692295
121.467713 28.692295
121.467715 28.692293
121.467716 28.692291
121.467713 28.692288
121.467713 28.692288
121.467711 28.69229
121.467713 28.69229
121.467713 28.69229
121.467715 28.69229
121.467715 28.69229
121.467713 28.692288
121.467713 28.692288
121.467713 28.692288
121.467713 28.692288
121.467713 28.692288
121.467711 28.692288
121.467713 28.69229
121.467713 28.692288
121.467711 28.692288
121.467713 28.692288
121.467726 28.692285
121.467716 28.692281
121.467711 28.692288
121.467703 28.692288
121.467701 28.69229
121.467701 28.692291
121.467701 28.692265
121.46771 28.69228
121.467711 28.692275
121.467706 28.692275
121.467715 28.692275
121.467711 28.692273
121.46769 28.692273
121.46768 28.692268
121.467696 28.692275
121.4677 28.692278
121.467696 28.692276
121.4677 28.692276
121.467701 28.692278
121.467703 28.692278
121.467703 28.692276
121.467705 28.692278
121.467706 28.69228
121.467708 28.69228
121.467708 28.69228
121.46771 28.69228
121.46771 28.692281
121.467708 28.692281
121.46771 28.692281
121.46771 28.692281
121.467708 28.692281
121.467708 28.692281
121.467708 28.692281
121.46771 28.69228
121.467708 28.69228
121.467708 28.69228
121.467708 28.69228
121.467708 28.69228
121.467708 28.69228
