120.634716 31.989866
120.634715 31.989863
120.6347 31.989866
120.634711 31.989873
120.6347 31.989866
120.634716 31.989873
120.634718 31.989871
120.634718 31.989873
120.634721 31.989878
120.634718 31.989875
120.634718 31.989875
120.634716 31.989866
120.634716 31.989866
120.6347 31.989883
120.634696 31.989883
120.634666 31.989876
120.6347 31.989883
120.63471 31.98988
120.634683 31.989866
120.634695 31.989866
120.634706 31.98988
120.634683 31.989866
120.6347 31.989866
120.6347 31.989866
120.634701 31.989878
120.6347 31.989866
120.634701 31.989878
120.6347 31.989866
120.634696 31.989876
120.634683 31.989866
120.634688 31.989876
120.634683 31.989866
120.634683 31.989866
120.634676 31.989875
120.634666 31.989876
120.63465 31.989866
120.634643 31.989883
120.634633 31.989883
120.63465 31.989883
120.63465 31.989883
120.63465 31.989883
120.634683 31.989866
120.634726 31.98988
120.6347 31.989883
120.634716 31.989883
120.634716 31.989883
120.634726 31.989893
120.634733 31.989866
120.634735 31.989883
120.6347 31.989866
120.634683 31.989833
120.634716 31.989898
120.634716 31.989898
120.634718 31.989898
120.6347 31.989898
120.634731 31.989903
120.634716 31.989898
120.634716 31.989883
120.634716 31.989866
120.634716 31.989883
120.634716 31.989883
120.634726 31.98989
120.634716 31.989883
120.634716 31.989883
120.6347 31.989876
120.6347 31.989871
120.634683 31.989866
120.634683 31.989883
120.634705 31.989893
120.634691 31.989898
120.6347 31.989898
120.6347 31.989883
120.634683 31.989898
120.634683 31.989883
120.634683 31.989878
120.634716 31.98985
120.634718 31.989873
120.634708 31.98988
120.634666 31.989898
120.634691 31.989893
120.634716 31.989866
120.634715 31.989863
120.6347 31.989866
120.634711 31.989873
120.6347 31.989866
120.634716 31.989873
120.634718 31.989871
120.634718 31.989873
120.634721 31.989878
120.634718 31.989875
120.634718 31.989875
120.634716 31.989866
120.634716 31.989866
120.6347 31.989883
120.634696 31.989883
120.634666 31.989876
120.6347 31.989883
120.63471 31.98988
120.634683 31.989866
120.634695 31.989866
120.634706 31.98988
120.634683 31.989866
120.6347 31.989866
120.6347 31.989866
120.634701 31.989878
120.6347 31.989866
120.634701 31.989878
120.6347 31.989866
120.634696 31.989876
120.634683 31.989866
120.634688 31.989876
120.634683 31.989866
120.634683 31.989866
120.634676 31.989875
120.634666 31.989876
120.63465 31.989866
120.634643 31.989883
120.634633 31.989883
120.63465 31.989883
120.63465 31.989883
120.63465 31.989883
120.634683 31.989866
120.634726 31.98988
120.6347 31.989883
120.634716 31.989883
120.634716 31.989883
120.634726 31.989893
120.634733 31.989866
120.634735 31.989883
120.6347 31.989866
120.634683 31.989833
120.634716 31.989898
120.634716 31.989898
120.634718 31.989898
120.6347 31.989898
120.634731 31.989903
120.634716 31.989898
120.634716 31.989883
120.634716 31.989866
120.634716 31.989883
120.634716 31.989883
120.634726 31.98989
120.634716 31.989883
120.634716 31.989883
120.6347 31.989876
120.6347 31.989871
120.634683 31.989866
120.634683 31.989883
120.634705 31.989893
120.634691 31.989898
120.6347 31.989898
120.6347 31.989883
120.634683 31.989898
120.634683 31.989883
120.634683 31.989878
120.634716 31.98985
120.634718 31.989873
120.634708 31.98988
120.634666 31.989898
120.634691 31.989893
