120.348166 32.001199
120.348166 32.001216
120.348156 32.00125
120.348148 32.00125
120.348148 32.00125
120.348133 32.00125
120.348116 32.001233
120.348116 32.001233
120.348125 32.001243
120.348116 32.001233
120.348116 32.001233
120.348125 32.001238
120.348121 32.001233
120.348116 32.001228
120.348118 32.001233
120.348116 32.001216
120.348133 32.001236
120.348133 32.001233
120.348116 32.001233
120.34813 32.001243
120.348116 32.001233
120.348133 32.001216
120.34814 32.001224
120.348143 32.001228
120.348133 32.001233
120.34814 32.001231
120.34814 32.001228
120.348133 32.001216
120.348133 32.001216
120.348128 32.001226
120.348133 32.001216
120.348116 32.001216
120.348133 32.001216
120.348133 32.001216
120.348135 32.001228
120.348136 32.001228
120.348135 32.001231
120.348133 32.001233
120.348128 32.00125
120.34813 32.001253
120.348121 32.001256
120.3481 32.00125
120.3481 32.00125
120.3481 32.00125
120.3481 32.00125
120.3481 32.00125
120.3481 32.001233
120.348166 32.001199
120.348166 32.001216
120.348156 32.00125
120.348148 32.00125
120.348148 32.00125
120.348133 32.00125
120.348116 32.001233
120.348116 32.001233
120.348125 32.001243
120.348116 32.001233
120.348116 32.001233
120.348125 32.001238
120.348121 32.001233
120.348116 32.001228
120.348118 32.001233
120.348116 32.001216
120.348133 32.001236
120.348133 32.001233
120.348116 32.001233
120.34813 32.001243
120.348116 32.001233
120.348133 32.001216
120.34814 32.001224
120.348143 32.001228
120.348133 32.001233
120.34814 32.001231
120.34814 32.001228
120.348133 32.001216
120.348133 32.001216
120.348128 32.001226
120.348133 32.001216
120.348116 32.001216
120.348133 32.001216
120.348133 32.001216
120.348135 32.001228
120.348136 32.001228
120.348135 32.001231
120.348133 32.001233
120.348128 32.00125
120.34813 32.001253
120.348121 32.001256
120.3481 32.00125
120.3481 32.00125
120.3481 32.00125
120.3481 32.00125
120.3481 32.00125
120.3481 32.001233
