117.21137 30.47562
117.211365 30.475616
117.211368 30.475613
117.211368 30.47561
117.211368 30.47561
117.211368 30.475608
117.211366 30.475606
117.211368 30.475608
117.21137 30.475608
117.211371 30.475606
117.211373 30.475606
117.211376 30.47561
117.211376 30.47561
117.211376 30.475608
117.211376 30.475608
117.211378 30.475606
117.211378 30.475606
117.211378 30.475605
117.21138 30.475605
117.211381 30.475603
117.211383 30.475603
117.211386 30.475603
117.211386 30.475601
117.211396 30.475575
117.211395 30.47559
117.211395 30.475593
117.211398 30.475596
117.211398 30.475598
117.211398 30.475598
117.211398 30.475598
117.211396 30.475598
117.211396 30.475598
117.211396 30.475598
117.211395 30.475598
117.211395 30.475598
117.211395 30.475598
117.211395 30.475598
117.211393 30.4756
117.211393 30.4756
117.211393 30.4756
117.211393 30.4756
117.211393 30.475598
117.211393 30.475598
117.211393 30.475598
117.211393 30.475596
117.211393 30.475596
117.211383 30.475581
117.211381 30.475593
117.21137 30.47562
117.211365 30.475616
117.211368 30.475613
117.211368 30.47561
117.211368 30.47561
117.211368 30.475608
117.211366 30.475606
117.211368 30.475608
117.21137 30.475608
117.211371 30.475606
117.211373 30.475606
117.211376 30.47561
117.211376 30.47561
117.211376 30.475608
117.211376 30.475608
117.211378 30.475606
117.211378 30.475606
117.211378 30.475605
117.21138 30.475605
117.211381 30.475603
117.211383 30.475603
117.211386 30.475603
117.211386 30.475601
117.211396 30.475575
117.211395 30.47559
117.211395 30.475593
117.211398 30.475596
117.211398 30.475598
117.211398 30.475598
117.211398 30.475598
117.211396 30.475598
117.211396 30.475598
117.211396 30.475598
117.211395 30.475598
117.211395 30.475598
117.211395 30.475598
117.211395 30.475598
117.211393 30.4756
117.211393 30.4756
117.211393 30.4756
117.211393 30.4756
117.211393 30.475598
117.211393 30.475598
117.211393 30.475598
117.211393 30.475596
117.211393 30.475596
117.211383 30.475581
117.211381 30.475593
117.21137 30.47562
117.211365 30.475616
117.211368 30.475613
117.211368 30.47561
117.211368 30.47561
117.211368 30.475608
117.211366 30.475606
117.211368 30.475608
117.21137 30.475608
117.211371 30.475606
117.211373 30.475606
117.211376 30.47561
117.211376 30.47561
117.211376 30.475608
117.211376 30.475608
117.211378 30.475606
117.211378 30.475606
117.211378 30.475605
117.21138 30.475605
117.211381 30.475603
117.211383 30.475603
117.211386 30.475603
117.211386 30.475601
117.211396 30.475575
117.211395 30.47559
117.211395 30.475593
117.211398 30.475596
117.211398 30.475598
117.211398 30.475598
117.211398 30.475598
117.211396 30.475598
117.211396 30.475598
117.211396 30.475598
117.211395 30.475598
117.211395 30.475598
117.211395 30.475598
117.211395 30.475598
117.211393 30.4756
117.211393 30.4756
117.211393 30.4756
117.211393 30.4756
117.211393 30.475598
117.211393 30.475598
117.211393 30.475598
117.211393 30.475596
117.211393 30.475596
117.211383 30.475581
117.211381 30.475593
117.21137 30.47562
117.211365 30.475616
117.211368 30.475613
117.211368 30.47561
117.211368 30.47561
117.211368 30.475608
117.211366 30.475606
117.211368 30.475608
117.21137 30.475608
117.211371 30.475606
117.211373 30.475606
117.211376 30.47561
117.211376 30.47561
117.211376 30.475608
117.211376 30.475608
117.211378 30.475606
117.211378 30.475606
117.211378 30.475605
117.21138 30.475605
117.211381 30.475603
117.211383 30.475603
117.211386 30.475603
117.211386 30.475601
117.211396 30.475575
117.211395 30.47559
117.211395 30.475593
117.211398 30.475596
117.211398 30.475598
117.211398 30.475598
117.211398 30.475598
117.211396 30.475598
117.211396 30.475598
117.211396 30.475598
117.211395 30.475598
117.211395 30.475598
117.211395 30.475598
117.211395 30.475598
117.211393 30.4756
117.211393 30.4756
117.211393 30.4756
117.211393 30.4756
117.211393 30.475598
117.211393 30.475598
117.211393 30.475598
117.211393 30.475596
117.211393 30.475596
117.211383 30.475581
117.211381 30.475593
117.21137 30.47562
117.211365 30.475616
117.211368 30.475613
117.211368 30.47561
117.211368 30.47561
117.211368 30.475608
117.211366 30.475606
117.211368 30.475608
117.21137 30.475608
117.211371 30.475606
117.211373 30.475606
117.211376 30.47561
117.211376 30.47561
117.211376 30.475608
117.211376 30.475608
117.211378 30.475606
117.211378 30.475606
117.211378 30.475605
117.21138 30.475605
117.211381 30.475603
117.211383 30.475603
117.211386 30.475603
117.211386 30.475601
117.211396 30.475575
117.211395 30.47559
117.211395 30.475593
117.211398 30.475596
117.211398 30.475598
117.211398 30.475598
117.211398 30.475598
117.211396 30.475598
117.211396 30.475598
117.211396 30.475598
117.211395 30.475598
117.211395 30.475598
117.211395 30.475598
117.211395 30.475598
117.211393 30.4756
117.211393 30.4756
117.211393 30.4756
117.211393 30.4756
117.211393 30.475598
117.211393 30.475598
117.211393 30.475598
117.211393 30.475596
117.211393 30.475596
117.211383 30.475581
117.211381 30.475593
