118.468753 31.745401
118.46878 31.745406
118.468786 31.745401
118.468786 31.745413
118.468788 31.745416
118.468788 31.74542
118.468793 31.745425
118.468865 31.745541
118.468835 31.74549
118.468831 31.745476
118.468828 31.745471
118.468818 31.745496
118.468816 31.745496
118.468836 31.74548
118.46883 31.745468
118.46882 31.745465
118.468818 31.745465
118.468816 31.74546
118.468818 31.745463
118.468818 31.745463
118.468821 31.745465
118.468823 31.745466
118.468823 31.745466
118.468825 31.745466
118.468823 31.745465
118.468823 31.745465
118.468825 31.745461
118.468825 31.745543
118.468788 31.745501
118.468858 31.745456
118.46887 31.745468
118.468893 31.745523
118.468868 31.745513
118.468866 31.745503
118.468803 31.745411
118.468803 31.745446
118.468751 31.745493
118.468748 31.745493
118.468746 31.745493
118.468746 31.745495
118.468743 31.745495
118.468743 31.745496
118.468743 31.745496
118.468745 31.745496
118.468746 31.745498
118.468748 31.745498
118.468751 31.745498
118.468753 31.745496
118.468755 31.745495
118.468755 31.745495
118.468755 31.745495
118.468758 31.745491
118.46876 31.745488
118.46876 31.745486
118.46876 31.745485
118.468758 31.745483
118.468758 31.745481
118.468758 31.745481
118.468756 31.745478
118.468755 31.745475
118.468756 31.745473
118.468758 31.745471
118.468758 31.745471
118.46876 31.74547
118.46876 31.74547
118.46876 31.74547
118.468761 31.74547
118.468761 31.74547
118.468761 31.74547
118.46876 31.74547
118.46876 31.745468
118.46876 31.745468
118.468758 31.745468
118.468756 31.745466
118.468756 31.745466
118.468756 31.745465
118.468756 31.745465
118.468756 31.745465
118.468756 31.745463
118.468756 31.745463
118.468756 31.745463
118.468756 31.745461
118.468756 31.745461
118.468756 31.74546
118.468758 31.745458
118.46876 31.745458
118.46876 31.745456
118.46876 31.745456
118.468761 31.745455
118.468761 31.745455
118.468761 31.745455
118.468761 31.745455
118.468763 31.745455
118.468765 31.745455
118.468765 31.745455
118.468766 31.745453
118.468766 31.745453
118.468768 31.745453
118.46877 31.745453
118.468771 31.745451
118.468771 31.745451
118.468771 31.745451
118.468775 31.745451
118.468776 31.745451
118.468776 31.745451
118.468776 31.745451
118.468776 31.745451
118.468776 31.745451
118.468776 31.74545
118.468776 31.745448
118.468753 31.745401
118.46878 31.745406
118.468786 31.745401
118.468786 31.745413
118.468788 31.745416
118.468788 31.74542
118.468793 31.745425
118.468865 31.745541
118.468835 31.74549
118.468831 31.745476
118.468828 31.745471
118.468818 31.745496
118.468816 31.745496
118.468836 31.74548
118.46883 31.745468
118.46882 31.745465
118.468818 31.745465
118.468816 31.74546
118.468818 31.745463
118.468818 31.745463
118.468821 31.745465
118.468823 31.745466
118.468823 31.745466
118.468825 31.745466
118.468823 31.745465
118.468823 31.745465
118.468825 31.745461
118.468825 31.745543
118.468788 31.745501
118.468858 31.745456
118.46887 31.745468
118.468893 31.745523
118.468868 31.745513
118.468866 31.745503
118.468803 31.745411
118.468803 31.745446
118.468751 31.745493
118.468748 31.745493
118.468746 31.745493
118.468746 31.745495
118.468743 31.745495
118.468743 31.745496
118.468743 31.745496
118.468745 31.745496
118.468746 31.745498
118.468748 31.745498
118.468751 31.745498
118.468753 31.745496
118.468755 31.745495
118.468755 31.745495
118.468755 31.745495
118.468758 31.745491
118.46876 31.745488
118.46876 31.745486
118.46876 31.745485
118.468758 31.745483
118.468758 31.745481
118.468758 31.745481
118.468756 31.745478
118.468755 31.745475
118.468756 31.745473
118.468758 31.745471
118.468758 31.745471
118.46876 31.74547
118.46876 31.74547
118.46876 31.74547
118.468761 31.74547
118.468761 31.74547
118.468761 31.74547
118.46876 31.74547
118.46876 31.745468
118.46876 31.745468
118.468758 31.745468
118.468756 31.745466
118.468756 31.745466
118.468756 31.745465
118.468756 31.745465
118.468756 31.745465
118.468756 31.745463
118.468756 31.745463
118.468756 31.745463
118.468756 31.745461
118.468756 31.745461
118.468756 31.74546
118.468758 31.745458
118.46876 31.745458
118.46876 31.745456
118.46876 31.745456
118.468761 31.745455
118.468761 31.745455
118.468761 31.745455
118.468761 31.745455
118.468763 31.745455
118.468765 31.745455
118.468765 31.745455
118.468766 31.745453
118.468766 31.745453
118.468768 31.745453
118.46877 31.745453
118.468771 31.745451
118.468771 31.745451
118.468771 31.745451
118.468775 31.745451
118.468776 31.745451
118.468776 31.745451
118.468776 31.745451
118.468776 31.745451
118.468776 31.745451
118.468776 31.74545
118.468776 31.745448
118.468753 31.745401
118.46878 31.745406
118.468786 31.745401
118.468786 31.745413
118.468788 31.745416
118.468788 31.74542
118.468793 31.745425
118.468865 31.745541
118.468835 31.74549
118.468831 31.745476
118.468828 31.745471
118.468818 31.745496
118.468816 31.745496
118.468836 31.74548
118.46883 31.745468
118.46882 31.745465
118.468818 31.745465
118.468816 31.74546
118.468818 31.745463
118.468818 31.745463
118.468821 31.745465
118.468823 31.745466
118.468823 31.745466
118.468825 31.745466
118.468823 31.745465
118.468823 31.745465
118.468825 31.745461
118.468825 31.745543
118.468788 31.745501
118.468858 31.745456
118.46887 31.745468
118.468893 31.745523
118.468868 31.745513
118.468866 31.745503
118.468803 31.745411
118.468803 31.745446
118.468751 31.745493
118.468748 31.745493
118.468746 31.745493
118.468746 31.745495
118.468743 31.745495
118.468743 31.745496
118.468743 31.745496
118.468745 31.745496
118.468746 31.745498
118.468748 31.745498
118.468751 31.745498
118.468753 31.745496
118.468755 31.745495
118.468755 31.745495
118.468755 31.745495
118.468758 31.745491
118.46876 31.745488
118.46876 31.745486
118.46876 31.745485
118.468758 31.745483
118.468758 31.745481
118.468758 31.745481
118.468756 31.745478
118.468755 31.745475
118.468756 31.745473
118.468758 31.745471
118.468758 31.745471
118.46876 31.74547
118.46876 31.74547
118.46876 31.74547
118.468761 31.74547
118.468761 31.74547
118.468761 31.74547
118.46876 31.74547
118.46876 31.745468
118.46876 31.745468
118.468758 31.745468
118.468756 31.745466
118.468756 31.745466
118.468756 31.745465
118.468756 31.745465
118.468756 31.745465
118.468756 31.745463
118.468756 31.745463
118.468756 31.745463
118.468756 31.745461
118.468756 31.745461
118.468756 31.74546
118.468758 31.745458
118.46876 31.745458
118.46876 31.745456
118.46876 31.745456
118.468761 31.745455
118.468761 31.745455
118.468761 31.745455
118.468761 31.745455
118.468763 31.745455
118.468765 31.745455
118.468765 31.745455
118.468766 31.745453
118.468766 31.745453
118.468768 31.745453
118.46877 31.745453
118.468771 31.745451
118.468771 31.745451
118.468771 31.745451
118.468775 31.745451
118.468776 31.745451
118.468776 31.745451
118.468776 31.745451
118.468776 31.745451
118.468776 31.745451
118.468776 31.74545
118.468776 31.745448
118.468753 31.745401
118.46878 31.745406
118.468786 31.745401
118.468786 31.745413
118.468788 31.745416
118.468788 31.74542
118.468793 31.745425
118.468865 31.745541
118.468835 31.74549
118.468831 31.745476
118.468828 31.745471
118.468818 31.745496
118.468816 31.745496
118.468836 31.74548
118.46883 31.745468
118.46882 31.745465
118.468818 31.745465
118.468816 31.74546
118.468818 31.745463
118.468818 31.745463
118.468821 31.745465
118.468823 31.745466
118.468823 31.745466
118.468825 31.745466
118.468823 31.745465
118.468823 31.745465
118.468825 31.745461
118.468825 31.745543
118.468788 31.745501
118.468858 31.745456
118.46887 31.745468
118.468893 31.745523
118.468868 31.745513
118.468866 31.745503
118.468803 31.745411
118.468803 31.745446
118.468751 31.745493
118.468748 31.745493
118.468746 31.745493
118.468746 31.745495
118.468743 31.745495
118.468743 31.745496
118.468743 31.745496
118.468745 31.745496
118.468746 31.745498
118.468748 31.745498
118.468751 31.745498
118.468753 31.745496
118.468755 31.745495
118.468755 31.745495
118.468755 31.745495
118.468758 31.745491
118.46876 31.745488
118.46876 31.745486
118.46876 31.745485
118.468758 31.745483
118.468758 31.745481
118.468758 31.745481
118.468756 31.745478
118.468755 31.745475
118.468756 31.745473
118.468758 31.745471
118.468758 31.745471
118.46876 31.74547
118.46876 31.74547
118.46876 31.74547
118.468761 31.74547
118.468761 31.74547
118.468761 31.74547
118.46876 31.74547
118.46876 31.745468
118.46876 31.745468
118.468758 31.745468
118.468756 31.745466
118.468756 31.745466
118.468756 31.745465
118.468756 31.745465
118.468756 31.745465
118.468756 31.745463
118.468756 31.745463
118.468756 31.745463
118.468756 31.745461
118.468756 31.745461
118.468756 31.74546
118.468758 31.745458
118.46876 31.745458
118.46876 31.745456
118.46876 31.745456
118.468761 31.745455
118.468761 31.745455
118.468761 31.745455
118.468761 31.745455
118.468763 31.745455
118.468765 31.745455
118.468765 31.745455
118.468766 31.745453
118.468766 31.745453
118.468768 31.745453
118.46877 31.745453
118.468771 31.745451
118.468771 31.745451
118.468771 31.745451
118.468775 31.745451
118.468776 31.745451
118.468776 31.745451
118.468776 31.745451
118.468776 31.745451
118.468776 31.745451
118.468776 31.74545
118.468776 31.745448
118.468816 31.745366
118.468831 31.745383
118.46885 31.745433
118.46885 31.745433
118.46885 31.745433
118.46885 31.745416
118.46885 31.745433
118.46885 31.745445
118.468816 31.745433
118.468816 31.745416
118.46882 31.745431
118.468831 31.745483
118.468816 31.74545
118.468831 31.745433
118.468831 31.7454
118.468831 31.7454
118.468841 31.745406
118.468835 31.745406
118.468823 31.745405
118.468816 31.7454
118.468816 31.7454
118.46885 31.745383
118.46885 31.745383
118.46885 31.745383
118.46885 31.745383
118.46885 31.745383
118.468853 31.745376
118.468831 31.745366
118.46885 31.745366
118.46885 31.745366
118.46885 31.745383
118.46885 31.745383
118.46885 31.745383
118.46885 31.745383
118.468858 31.745405
118.46885 31.7454
118.46885 31.7454
118.468831 31.7454
118.4688 31.745316
118.468816 31.745366
118.468866 31.74555
118.468888 31.745528
118.46885 31.745433
118.468858 31.745418
118.46886 31.74541
118.46885 31.7454
118.468816 31.745366
118.468816 31.745366
118.468816 31.745366
118.468816 31.745366
118.468805 31.745353
118.468816 31.745366
118.468816 31.745366
118.468816 31.745366
118.468816 31.745383
118.468831 31.745383
118.468836 31.745388
118.468831 31.745383
118.468831 31.745383
118.468835 31.745391
118.468828 31.74539
118.468816 31.745416
118.468816 31.745445
118.46882 31.745461
118.468821 31.745466
118.468816 31.745466
118.468816 31.74548
118.468815 31.745485
118.468816 31.745483
118.468831 31.745451
118.468816 31.745433
118.468816 31.745433
118.468905 31.745528
118.468916 31.745533
118.468753 31.745401
118.46878 31.745406
118.468786 31.745401
118.468786 31.745413
118.468788 31.745416
118.468788 31.74542
118.468793 31.745425
118.468865 31.745541
118.468835 31.74549
118.468831 31.745476
118.468828 31.745471
118.468818 31.745496
118.468816 31.745496
118.468836 31.74548
118.46883 31.745468
118.46882 31.745465
118.468818 31.745465
118.468816 31.74546
118.468818 31.745463
118.468818 31.745463
118.468821 31.745465
118.468823 31.745466
118.468823 31.745466
118.468825 31.745466
118.468823 31.745465
118.468823 31.745465
118.468825 31.745461
118.468825 31.745543
118.468788 31.745501
118.468858 31.745456
118.46887 31.745468
118.468893 31.745523
118.468868 31.745513
118.468866 31.745503
118.468803 31.745411
118.468803 31.745446
118.468751 31.745493
118.468748 31.745493
118.468746 31.745493
118.468746 31.745495
118.468743 31.745495
118.468743 31.745496
118.468743 31.745496
118.468745 31.745496
118.468746 31.745498
118.468748 31.745498
118.468751 31.745498
118.468753 31.745496
118.468755 31.745495
118.468755 31.745495
118.468755 31.745495
118.468758 31.745491
118.46876 31.745488
118.46876 31.745486
118.46876 31.745485
118.468758 31.745483
118.468758 31.745481
118.468758 31.745481
118.468756 31.745478
118.468755 31.745475
118.468756 31.745473
118.468758 31.745471
118.468758 31.745471
118.46876 31.74547
118.46876 31.74547
118.46876 31.74547
118.468761 31.74547
118.468761 31.74547
118.468761 31.74547
118.46876 31.74547
118.46876 31.745468
118.46876 31.745468
118.468758 31.745468
118.468756 31.745466
118.468756 31.745466
118.468756 31.745465
118.468756 31.745465
118.468756 31.745465
118.468756 31.745463
118.468756 31.745463
118.468756 31.745463
118.468756 31.745461
118.468756 31.745461
118.468756 31.74546
118.468758 31.745458
118.46876 31.745458
118.46876 31.745456
118.46876 31.745456
118.468761 31.745455
118.468761 31.745455
118.468761 31.745455
118.468761 31.745455
118.468763 31.745455
118.468765 31.745455
118.468765 31.745455
118.468766 31.745453
118.468766 31.745453
118.468768 31.745453
118.46877 31.745453
118.468771 31.745451
118.468771 31.745451
118.468771 31.745451
118.468775 31.745451
118.468776 31.745451
118.468776 31.745451
118.468776 31.745451
118.468776 31.745451
118.468776 31.745451
118.468776 31.74545
118.468776 31.745448
118.468816 31.745366
118.468831 31.745383
118.46885 31.745433
118.46885 31.745433
118.46885 31.745433
118.46885 31.745416
118.46885 31.745433
118.46885 31.745445
118.468816 31.745433
118.468816 31.745416
118.46882 31.745431
118.468831 31.745483
118.468816 31.74545
118.468831 31.745433
118.468831 31.7454
118.468831 31.7454
118.468841 31.745406
118.468835 31.745406
118.468823 31.745405
118.468816 31.7454
118.468816 31.7454
118.46885 31.745383
118.46885 31.745383
118.46885 31.745383
118.46885 31.745383
118.46885 31.745383
118.468853 31.745376
118.468831 31.745366
118.46885 31.745366
118.46885 31.745366
118.46885 31.745383
118.46885 31.745383
118.46885 31.745383
118.46885 31.745383
118.468858 31.745405
118.46885 31.7454
118.46885 31.7454
118.468831 31.7454
118.4688 31.745316
118.468816 31.745366
118.468866 31.74555
118.468888 31.745528
118.46885 31.745433
118.468858 31.745418
118.46886 31.74541
118.46885 31.7454
118.468816 31.745366
118.468816 31.745366
118.468816 31.745366
118.468816 31.745366
118.468805 31.745353
118.468816 31.745366
118.468816 31.745366
118.468816 31.745366
118.468816 31.745383
118.468831 31.745383
118.468836 31.745388
118.468831 31.745383
118.468831 31.745383
118.468835 31.745391
118.468828 31.74539
118.468816 31.745416
118.468816 31.745445
118.46882 31.745461
118.468821 31.745466
118.468816 31.745466
118.468816 31.74548
118.468815 31.745485
118.468816 31.745483
118.468831 31.745451
118.468816 31.745433
118.468816 31.745433
118.468905 31.745528
118.468916 31.745533
