117.237025 30.532081
117.237033 30.532081
117.237033 30.532081
117.237036 30.532081
117.237045 30.532078
117.237045 30.532078
117.237041 30.532076
117.237041 30.532076
117.237041 30.532076
117.237041 30.532076
117.237038 30.532078
117.237036 30.532078
117.237035 30.532078
117.237025 30.532081
117.237033 30.532081
117.237033 30.532081
117.237036 30.532081
117.237045 30.532078
117.237045 30.532078
117.237041 30.532076
117.237041 30.532076
117.237041 30.532076
117.237041 30.532076
117.237038 30.532078
117.237036 30.532078
117.237035 30.532078
117.237025 30.532081
117.237033 30.532081
117.237033 30.532081
117.237036 30.532081
117.237045 30.532078
117.237045 30.532078
117.237041 30.532076
117.237041 30.532076
117.237041 30.532076
117.237041 30.532076
117.237038 30.532078
117.237036 30.532078
117.237035 30.532078
117.237025 30.532081
117.237033 30.532081
117.237033 30.532081
117.237036 30.532081
117.237045 30.532078
117.237045 30.532078
117.237041 30.532076
117.237041 30.532076
117.237041 30.532076
117.237041 30.532076
117.237038 30.532078
117.237036 30.532078
117.237035 30.532078
117.237025 30.532081
117.237033 30.532081
117.237033 30.532081
117.237036 30.532081
117.237045 30.532078
117.237045 30.532078
117.237041 30.532076
117.237041 30.532076
117.237041 30.532076
117.237041 30.532076
117.237038 30.532078
117.237036 30.532078
117.237035 30.532078
