117.742068 30.888756
117.742073 30.888718
117.742065 30.88872
117.742066 30.888718
117.742048 30.888696
117.742086 30.88877
117.742088 30.888771
117.74215 30.888835
117.742126 30.888823
117.742128 30.88882
117.742133 30.888818
117.742135 30.88882
117.742125 30.88883
117.742125 30.88883
117.742108 30.888851
117.742136 30.888961
117.74213 30.888958
117.74213 30.888958
117.74213 30.888956
117.74213 30.888956
117.742133 30.88896
117.742135 30.88896
117.742151 30.889051
117.742148 30.888991
117.742148 30.888991
117.742153 30.88899
117.742151 30.888991
117.742068 30.888756
117.742073 30.888718
117.742065 30.88872
117.742066 30.888718
117.742048 30.888696
117.742086 30.88877
117.742088 30.888771
117.74215 30.888835
117.742126 30.888823
117.742128 30.88882
117.742133 30.888818
117.742135 30.88882
117.742125 30.88883
117.742125 30.88883
117.742108 30.888851
117.742136 30.888961
117.74213 30.888958
117.74213 30.888958
117.74213 30.888956
117.74213 30.888956
117.742133 30.88896
117.742135 30.88896
117.742151 30.889051
117.742148 30.888991
117.742148 30.888991
117.742153 30.88899
117.742151 30.888991
117.742068 30.888756
117.742073 30.888718
117.742065 30.88872
117.742066 30.888718
117.742048 30.888696
117.742086 30.88877
117.742088 30.888771
117.74215 30.888835
117.742126 30.888823
117.742128 30.88882
117.742133 30.888818
117.742135 30.88882
117.742125 30.88883
117.742125 30.88883
117.742108 30.888851
117.742136 30.888961
117.74213 30.888958
117.74213 30.888958
117.74213 30.888956
117.74213 30.888956
117.742133 30.88896
117.742135 30.88896
117.742151 30.889051
117.742148 30.888991
117.742148 30.888991
117.742153 30.88899
117.742151 30.888991
117.742068 30.888756
117.742073 30.888718
117.742065 30.88872
117.742066 30.888718
117.742048 30.888696
117.742086 30.88877
117.742088 30.888771
117.74215 30.888835
117.742126 30.888823
117.742128 30.88882
117.742133 30.888818
117.742135 30.88882
117.742125 30.88883
117.742125 30.88883
117.742108 30.888851
117.742136 30.888961
117.74213 30.888958
117.74213 30.888958
117.74213 30.888956
117.74213 30.888956
117.742133 30.88896
117.742135 30.88896
117.742151 30.889051
117.742148 30.888991
117.742148 30.888991
117.742153 30.88899
117.742151 30.888991
117.742068 30.888756
117.742073 30.888718
117.742065 30.88872
117.742066 30.888718
117.742048 30.888696
117.742086 30.88877
117.742088 30.888771
117.74215 30.888835
117.742126 30.888823
117.742128 30.88882
117.742133 30.888818
117.742135 30.88882
117.742125 30.88883
117.742125 30.88883
117.742108 30.888851
117.742136 30.888961
117.74213 30.888958
117.74213 30.888958
117.74213 30.888956
117.74213 30.888956
117.742133 30.88896
117.742135 30.88896
117.742151 30.889051
117.742148 30.888991
117.742148 30.888991
117.742153 30.88899
117.742151 30.888991
