120.645633 31.989715
120.645636 31.989713
120.645633 31.9897
120.645615 31.9897
120.64563 31.9897
120.645615 31.989683
120.645615 31.989683
120.645615 31.989683
120.645615 31.989683
120.64562 31.989685
120.6456 31.989683
120.6456 31.989666
120.645611 31.989678
120.6456 31.989666
120.6456 31.989666
120.6456 31.989666
120.6456 31.989666
120.6456 31.989666
120.645598 31.989625
120.645555 31.989623
120.645566 31.989616
120.6456 31.989666
120.6456 31.989616
120.645615 31.989616
120.6456 31.989616
120.645583 31.9896
120.645583 31.9896
120.645566 31.9896
120.645583 31.9896
120.645583 31.989565
120.645583 31.989565
120.645566 31.989565
120.645603 31.989586
120.6456 31.989583
120.645615 31.989565
120.645596 31.989565
120.6456 31.98955
120.645583 31.98955
120.645583 31.98955
120.6456 31.98955
120.6456 31.98955
120.6456 31.98955
120.6456 31.989565
120.6456 31.989565
120.645615 31.989565
120.645615 31.989565
120.645615 31.989565
120.6456 31.98955
120.6456 31.98955
120.6456 31.98955
120.645608 31.989563
120.6456 31.98955
120.645603 31.989561
120.645613 31.989556
120.645626 31.989601
120.6456 31.9896
120.645566 31.9896
120.645566 31.989583
120.64557 31.989595
120.645583 31.989565
120.645588 31.989573
120.645583 31.989565
120.64558 31.989575
120.645566 31.989565
120.645566 31.989565
120.645576 31.989575
120.645581 31.989576
120.64558 31.989573
120.645573 31.989573
120.645596 31.989578
120.645595 31.989585
120.6456 31.989583
120.645621 31.989586
120.645633 31.989565
120.645633 31.989565
120.645615 31.989583
120.645615 31.989565
120.645645 31.98956
120.64565 31.989548
120.6456 31.98955
120.6456 31.98955
120.645578 31.989565
120.6456 31.98955
120.645583 31.98955
120.645633 31.989715
120.645636 31.989713
120.645633 31.9897
120.645615 31.9897
120.64563 31.9897
120.645615 31.989683
120.645615 31.989683
120.645615 31.989683
120.645615 31.989683
120.64562 31.989685
120.6456 31.989683
120.6456 31.989666
120.645611 31.989678
120.6456 31.989666
120.6456 31.989666
120.6456 31.989666
120.6456 31.989666
120.6456 31.989666
120.645598 31.989625
120.645555 31.989623
120.645566 31.989616
120.6456 31.989666
120.6456 31.989616
120.645615 31.989616
120.6456 31.989616
120.645583 31.9896
120.645583 31.9896
120.645566 31.9896
120.645583 31.9896
120.645583 31.989565
120.645583 31.989565
120.645566 31.989565
120.645603 31.989586
120.6456 31.989583
120.645615 31.989565
120.645596 31.989565
120.6456 31.98955
120.645583 31.98955
120.645583 31.98955
120.6456 31.98955
120.6456 31.98955
120.6456 31.98955
120.6456 31.989565
120.6456 31.989565
120.645615 31.989565
120.645615 31.989565
120.645615 31.989565
120.6456 31.98955
120.6456 31.98955
120.6456 31.98955
120.645608 31.989563
120.6456 31.98955
120.645603 31.989561
120.645613 31.989556
120.645626 31.989601
120.6456 31.9896
120.645566 31.9896
120.645566 31.989583
120.64557 31.989595
120.645583 31.989565
120.645588 31.989573
120.645583 31.989565
120.64558 31.989575
120.645566 31.989565
120.645566 31.989565
120.645576 31.989575
120.645581 31.989576
120.64558 31.989573
120.645573 31.989573
120.645596 31.989578
120.645595 31.989585
120.6456 31.989583
120.645621 31.989586
120.645633 31.989565
120.645633 31.989565
120.645615 31.989583
120.645615 31.989565
120.645645 31.98956
120.64565 31.989548
120.6456 31.98955
120.6456 31.98955
120.645578 31.989565
120.6456 31.98955
120.645583 31.98955
