118.607611 31.930153
118.607605 31.930121
118.607585 31.930175
118.607583 31.930193
118.60763 31.93012
118.607635 31.930145
118.607616 31.930181
118.607631 31.930055
118.607658 31.930065
118.607635 31.930115
118.607618 31.930123
118.607565 31.930096
118.607658 31.93011
118.607563 31.930173
118.607648 31.930121
118.607635 31.930093
118.607605 31.930126
118.607633 31.930088
118.607611 31.930143
118.607603 31.930138
118.607573 31.930156
118.607605 31.930153
118.607601 31.930088
118.607636 31.930088
118.607603 31.93013
118.607603 31.930155
118.607726 31.930111
118.60767 31.930153
118.607646 31.930166
118.60761 31.930146
118.607631 31.929995
118.607626 31.93005
118.607611 31.930153
118.607605 31.930121
118.607585 31.930175
118.607583 31.930193
118.60763 31.93012
118.607635 31.930145
118.607616 31.930181
118.607631 31.930055
118.607658 31.930065
118.607635 31.930115
118.607618 31.930123
118.607565 31.930096
118.607658 31.93011
118.607563 31.930173
118.607648 31.930121
118.607635 31.930093
118.607605 31.930126
118.607633 31.930088
118.607611 31.930143
118.607603 31.930138
118.607573 31.930156
118.607605 31.930153
118.607601 31.930088
118.607636 31.930088
118.607603 31.93013
118.607603 31.930155
118.607726 31.930111
118.60767 31.930153
118.607646 31.930166
118.60761 31.930146
118.607631 31.929995
118.607626 31.93005
118.607611 31.930153
118.607605 31.930121
118.607585 31.930175
118.607583 31.930193
118.60763 31.93012
118.607635 31.930145
118.607616 31.930181
118.607631 31.930055
118.607658 31.930065
118.607635 31.930115
118.607618 31.930123
118.607565 31.930096
118.607658 31.93011
118.607563 31.930173
118.607648 31.930121
118.607635 31.930093
118.607605 31.930126
118.607633 31.930088
118.607611 31.930143
118.607603 31.930138
118.607573 31.930156
118.607605 31.930153
118.607601 31.930088
118.607636 31.930088
118.607603 31.93013
118.607603 31.930155
118.607726 31.930111
118.60767 31.930153
118.607646 31.930166
118.60761 31.930146
118.607631 31.929995
118.607626 31.93005
118.607611 31.930153
118.607605 31.930121
118.607585 31.930175
118.607583 31.930193
118.60763 31.93012
118.607635 31.930145
118.607616 31.930181
118.607631 31.930055
118.607658 31.930065
118.607635 31.930115
118.607618 31.930123
118.607565 31.930096
118.607658 31.93011
118.607563 31.930173
118.607648 31.930121
118.607635 31.930093
118.607605 31.930126
118.607633 31.930088
118.607611 31.930143
118.607603 31.930138
118.607573 31.930156
118.607605 31.930153
118.607601 31.930088
118.607636 31.930088
118.607603 31.93013
118.607603 31.930155
118.607726 31.930111
118.60767 31.930153
118.607646 31.930166
118.60761 31.930146
118.607631 31.929995
118.607626 31.93005
118.607611 31.930153
118.607605 31.930121
118.607585 31.930175
118.607583 31.930193
118.60763 31.93012
118.607635 31.930145
118.607616 31.930181
118.607631 31.930055
118.607658 31.930065
118.607635 31.930115
118.607618 31.930123
118.607565 31.930096
118.607658 31.93011
118.607563 31.930173
118.607648 31.930121
118.607635 31.930093
118.607605 31.930126
118.607633 31.930088
118.607611 31.930143
118.607603 31.930138
118.607573 31.930156
118.607605 31.930153
118.607601 31.930088
118.607636 31.930088
118.607603 31.93013
118.607603 31.930155
118.607726 31.930111
118.60767 31.930153
118.607646 31.930166
118.60761 31.930146
118.607631 31.929995
118.607626 31.93005
118.607611 31.930153
118.607605 31.930121
118.607585 31.930175
118.607583 31.930193
118.60763 31.93012
118.607635 31.930145
118.607616 31.930181
118.607631 31.930055
118.607658 31.930065
118.607635 31.930115
118.607618 31.930123
118.607565 31.930096
118.607658 31.93011
118.607563 31.930173
118.607648 31.930121
118.607635 31.930093
118.607605 31.930126
118.607633 31.930088
118.607611 31.930143
118.607603 31.930138
118.607573 31.930156
118.607605 31.930153
118.607601 31.930088
118.607636 31.930088
118.607603 31.93013
118.607603 31.930155
118.607726 31.930111
118.60767 31.930153
118.607646 31.930166
118.60761 31.930146
118.607631 31.929995
118.607626 31.93005
