117.733005 30.865433
117.733001 30.865433
117.733006 30.865445
117.73301 30.865446
117.73301 30.865448
117.73301 30.865451
117.73301 30.865455
117.73301 30.865455
117.73301 30.865456
117.73301 30.865456
117.73301 30.865461
117.733005 30.865433
117.733001 30.865433
117.733006 30.865445
117.73301 30.865446
117.73301 30.865448
117.73301 30.865451
117.73301 30.865455
117.73301 30.865455
117.73301 30.865456
117.73301 30.865456
117.73301 30.865461
117.733005 30.865433
117.733001 30.865433
117.733006 30.865445
117.73301 30.865446
117.73301 30.865448
117.73301 30.865451
117.73301 30.865455
117.73301 30.865455
117.73301 30.865456
117.73301 30.865456
117.73301 30.865461
117.733005 30.865433
117.733001 30.865433
117.733006 30.865445
117.73301 30.865446
117.73301 30.865448
117.73301 30.865451
117.73301 30.865455
117.73301 30.865455
117.73301 30.865456
117.73301 30.865456
117.73301 30.865461
117.733005 30.865433
117.733001 30.865433
117.733006 30.865445
117.73301 30.865446
117.73301 30.865448
117.73301 30.865451
117.73301 30.865455
117.73301 30.865455
117.73301 30.865456
117.73301 30.865456
117.73301 30.865461
