119.979826 31.992106
119.979675 31.99213
119.979688 31.992061
119.97969 31.992038
119.979736 31.992015
119.979725 31.99199
119.979696 31.992
119.979696 31.992001
119.979695 31.992001
119.979695 31.992001
119.979685 31.991993
119.979688 31.992001
119.979683 31.992005
119.979736 31.99197
119.979726 31.991975
119.979718 31.991976
119.97969 31.992
119.979695 31.991993
119.979726 31.992003
119.979696 31.992005
119.979695 31.992
119.9797 31.991996
119.9797 31.991998
119.979698 31.992
119.979698 31.992001
119.979708 31.992
119.979698 31.992003
119.979698 31.992006
119.979721 31.992006
119.97973 31.992006
119.979721 31.991951
119.979713 31.992003
119.979711 31.992006
119.97971 31.992011
119.979668 31.992056
119.979703 31.991998
119.979728 31.991996
119.979705 31.991996
119.979703 31.991996
119.979698 31.991995
119.979705 31.991991
119.979708 31.99199
119.979703 31.991995
119.979701 31.991996
119.979696 31.991996
119.979695 31.991998
119.979698 31.991995
119.979698 31.991995
119.979698 31.991995
119.979695 31.992005
119.979695 31.991996
119.979683 31.992001
119.979686 31.991995
119.97969 31.991985
119.979691 31.991993
119.979776 31.99188
119.979733 31.99197
119.979753 31.99194
119.97976 31.991938
119.979756 31.991948
119.979756 31.99195
119.979755 31.991945
119.979613 31.991945
119.979628 31.991993
119.979648 31.991996
119.979795 31.991968
119.9798 31.991968
119.9798 31.991968
119.9798 31.991968
119.979798 31.991968
119.979798 31.991968
119.979798 31.991968
119.979798 31.991968
119.979803 31.991968
119.980013 31.991981
119.980018 31.99198
119.980003 31.99198
119.979993 31.99198
119.979985 31.99198
119.979966 31.991981
119.979951 31.991983
119.979931 31.991983
119.979778 31.991981
119.979806 31.99201
119.979725 31.991998
119.979711 31.991998
119.979718 31.99201
119.979725 31.992016
119.97972 31.992016
119.979826 31.992106
119.979675 31.99213
119.979688 31.992061
119.97969 31.992038
119.979736 31.992015
119.979725 31.99199
119.979696 31.992
119.979696 31.992001
119.979695 31.992001
119.979695 31.992001
119.979685 31.991993
119.979688 31.992001
119.979683 31.992005
119.979736 31.99197
119.979726 31.991975
119.979718 31.991976
119.97969 31.992
119.979695 31.991993
119.979726 31.992003
119.979696 31.992005
119.979695 31.992
119.9797 31.991996
119.9797 31.991998
119.979698 31.992
119.979698 31.992001
119.979708 31.992
119.979698 31.992003
119.979698 31.992006
119.979721 31.992006
119.97973 31.992006
119.979721 31.991951
119.979713 31.992003
119.979711 31.992006
119.97971 31.992011
119.979668 31.992056
119.979703 31.991998
119.979728 31.991996
119.979705 31.991996
119.979703 31.991996
119.979698 31.991995
119.979705 31.991991
119.979708 31.99199
119.979703 31.991995
119.979701 31.991996
119.979696 31.991996
119.979695 31.991998
119.979698 31.991995
119.979698 31.991995
119.979698 31.991995
119.979695 31.992005
119.979695 31.991996
119.979683 31.992001
119.979686 31.991995
119.97969 31.991985
119.979691 31.991993
119.979776 31.99188
119.979733 31.99197
119.979753 31.99194
119.97976 31.991938
119.979756 31.991948
119.979756 31.99195
119.979755 31.991945
119.979613 31.991945
119.979628 31.991993
119.979648 31.991996
119.979795 31.991968
119.9798 31.991968
119.9798 31.991968
119.9798 31.991968
119.979798 31.991968
119.979798 31.991968
119.979798 31.991968
119.979798 31.991968
119.979803 31.991968
119.980013 31.991981
119.980018 31.99198
119.980003 31.99198
119.979993 31.99198
119.979985 31.99198
119.979966 31.991981
119.979951 31.991983
119.979931 31.991983
119.979778 31.991981
119.979806 31.99201
119.979725 31.991998
119.979711 31.991998
119.979718 31.99201
119.979725 31.992016
119.97972 31.992016
119.979826 31.992106
119.979675 31.99213
119.979688 31.992061
119.97969 31.992038
119.979736 31.992015
119.979725 31.99199
119.979696 31.992
119.979696 31.992001
119.979695 31.992001
119.979695 31.992001
119.979685 31.991993
119.979688 31.992001
119.979683 31.992005
119.979736 31.99197
119.979726 31.991975
119.979718 31.991976
119.97969 31.992
119.979695 31.991993
119.979726 31.992003
119.979696 31.992005
119.979695 31.992
119.9797 31.991996
119.9797 31.991998
119.979698 31.992
119.979698 31.992001
119.979708 31.992
119.979698 31.992003
119.979698 31.992006
119.979721 31.992006
119.97973 31.992006
119.979721 31.991951
119.979713 31.992003
119.979711 31.992006
119.97971 31.992011
119.979668 31.992056
119.979703 31.991998
119.979728 31.991996
119.979705 31.991996
119.979703 31.991996
119.979698 31.991995
119.979705 31.991991
119.979708 31.99199
119.979703 31.991995
119.979701 31.991996
119.979696 31.991996
119.979695 31.991998
119.979698 31.991995
119.979698 31.991995
119.979698 31.991995
119.979695 31.992005
119.979695 31.991996
119.979683 31.992001
119.979686 31.991995
119.97969 31.991985
119.979691 31.991993
119.979776 31.99188
119.979733 31.99197
119.979753 31.99194
119.97976 31.991938
119.979756 31.991948
119.979756 31.99195
119.979755 31.991945
119.979613 31.991945
119.979628 31.991993
119.979648 31.991996
119.979795 31.991968
119.9798 31.991968
119.9798 31.991968
119.9798 31.991968
119.979798 31.991968
119.979798 31.991968
119.979798 31.991968
119.979798 31.991968
119.979803 31.991968
119.980013 31.991981
119.980018 31.99198
119.980003 31.99198
119.979993 31.99198
119.979985 31.99198
119.979966 31.991981
119.979951 31.991983
119.979931 31.991983
119.979778 31.991981
119.979806 31.99201
119.979725 31.991998
119.979711 31.991998
119.979718 31.99201
119.979725 31.992016
119.97972 31.992016
119.979826 31.992106
119.979675 31.99213
119.979688 31.992061
119.97969 31.992038
119.979736 31.992015
119.979725 31.99199
119.979696 31.992
119.979696 31.992001
119.979695 31.992001
119.979695 31.992001
119.979685 31.991993
119.979688 31.992001
119.979683 31.992005
119.979736 31.99197
119.979726 31.991975
119.979718 31.991976
119.97969 31.992
119.979695 31.991993
119.979726 31.992003
119.979696 31.992005
119.979695 31.992
119.9797 31.991996
119.9797 31.991998
119.979698 31.992
119.979698 31.992001
119.979708 31.992
119.979698 31.992003
119.979698 31.992006
119.979721 31.992006
119.97973 31.992006
119.979721 31.991951
119.979713 31.992003
119.979711 31.992006
119.97971 31.992011
119.979668 31.992056
119.979703 31.991998
119.979728 31.991996
119.979705 31.991996
119.979703 31.991996
119.979698 31.991995
119.979705 31.991991
119.979708 31.99199
119.979703 31.991995
119.979701 31.991996
119.979696 31.991996
119.979695 31.991998
119.979698 31.991995
119.979698 31.991995
119.979698 31.991995
119.979695 31.992005
119.979695 31.991996
119.979683 31.992001
119.979686 31.991995
119.97969 31.991985
119.979691 31.991993
119.979776 31.99188
119.979733 31.99197
119.979753 31.99194
119.97976 31.991938
119.979756 31.991948
119.979756 31.99195
119.979755 31.991945
119.979613 31.991945
119.979628 31.991993
119.979648 31.991996
119.979795 31.991968
119.9798 31.991968
119.9798 31.991968
119.9798 31.991968
119.979798 31.991968
119.979798 31.991968
119.979798 31.991968
119.979798 31.991968
119.979803 31.991968
119.980013 31.991981
119.980018 31.99198
119.980003 31.99198
119.979993 31.99198
119.979985 31.99198
119.979966 31.991981
119.979951 31.991983
119.979931 31.991983
119.979778 31.991981
119.979806 31.99201
119.979725 31.991998
119.979711 31.991998
119.979718 31.99201
119.979725 31.992016
119.97972 31.992016
119.979826 31.992106
119.979675 31.99213
119.979688 31.992061
119.97969 31.992038
119.979736 31.992015
119.979725 31.99199
119.979696 31.992
119.979696 31.992001
119.979695 31.992001
119.979695 31.992001
119.979685 31.991993
119.979688 31.992001
119.979683 31.992005
119.979736 31.99197
119.979726 31.991975
119.979718 31.991976
119.97969 31.992
119.979695 31.991993
119.979726 31.992003
119.979696 31.992005
119.979695 31.992
119.9797 31.991996
119.9797 31.991998
119.979698 31.992
119.979698 31.992001
119.979708 31.992
119.979698 31.992003
119.979698 31.992006
119.979721 31.992006
119.97973 31.992006
119.979721 31.991951
119.979713 31.992003
119.979711 31.992006
119.97971 31.992011
119.979668 31.992056
119.979703 31.991998
119.979728 31.991996
119.979705 31.991996
119.979703 31.991996
119.979698 31.991995
119.979705 31.991991
119.979708 31.99199
119.979703 31.991995
119.979701 31.991996
119.979696 31.991996
119.979695 31.991998
119.979698 31.991995
119.979698 31.991995
119.979698 31.991995
119.979695 31.992005
119.979695 31.991996
119.979683 31.992001
119.979686 31.991995
119.97969 31.991985
119.979691 31.991993
119.979776 31.99188
119.979733 31.99197
119.979753 31.99194
119.97976 31.991938
119.979756 31.991948
119.979756 31.99195
119.979755 31.991945
119.979613 31.991945
119.979628 31.991993
119.979648 31.991996
119.979795 31.991968
119.9798 31.991968
119.9798 31.991968
119.9798 31.991968
119.979798 31.991968
119.979798 31.991968
119.979798 31.991968
119.979798 31.991968
119.979803 31.991968
119.980013 31.991981
119.980018 31.99198
119.980003 31.99198
119.979993 31.99198
119.979985 31.99198
119.979966 31.991981
119.979951 31.991983
119.979931 31.991983
119.979778 31.991981
119.979806 31.99201
119.979725 31.991998
119.979711 31.991998
119.979718 31.99201
119.979725 31.992016
119.97972 31.992016
