121.471971 31.078535
121.471918 31.078531
121.471938 31.07853
121.471951 31.078565
121.471956 31.078568
121.471956 31.07856
121.471958 31.078548
121.471956 31.07857
121.471958 31.078556
121.47192 31.078563
121.471921 31.078565
121.471953 31.078555
121.471955 31.078571
121.471963 31.078566
121.471926 31.078531
121.471945 31.078546
121.471965 31.078571
121.471936 31.078533
121.471936 31.078543
121.471953 31.078568
121.471935 31.078548
121.471931 31.078581
121.471945 31.078575
121.471948 31.078566
121.471973 31.07857
121.471963 31.07858
121.47199 31.078563
121.47198 31.078546
121.471966 31.078558
121.471943 31.078543
121.471965 31.078551
121.471953 31.078546
121.471961 31.078536
121.47195 31.078533
121.471951 31.078536
121.471931 31.07854
121.471941 31.078536
121.471943 31.07852
121.471958 31.07854
121.471956 31.078505
121.471955 31.078501
121.471956 31.0785
121.471975 31.078533
121.47194 31.078538
121.471946 31.078523
121.471946 31.078521
121.471935 31.078521
121.471931 31.078518
121.47194 31.078496
121.471941 31.078505
121.471956 31.07854
121.471955 31.078525
121.471956 31.078538
121.47196 31.078533
121.471946 31.07853
121.47195 31.078535
121.471946 31.07854
121.471946 31.07854
121.471938 31.078533
121.471975 31.07853
121.471936 31.078515
121.471938 31.078526
121.471968 31.078513
121.471966 31.078535
121.471988 31.078545
121.471978 31.078531
121.471971 31.078543
121.471966 31.078536
121.47195 31.078518
121.471961 31.078515
121.471955 31.078515
121.471965 31.078536
121.471963 31.078516
121.471961 31.078511
121.471958 31.078518
121.471958 31.078521
121.47195 31.078536
121.471961 31.078545
121.471965 31.078538
121.471968 31.078541
121.471965 31.078551
121.471946 31.078525
121.471966 31.078535
121.471963 31.078553
121.471953 31.078546
121.471955 31.078543
121.471961 31.078543
121.471951 31.078538
121.471931 31.078536
121.471968 31.078551
121.471941 31.078541
121.471943 31.078533
121.471928 31.078515
121.471933 31.07853
121.471933 31.078521
121.471945 31.078518
121.471948 31.078533
121.471951 31.078543
121.47196 31.078531
121.471955 31.07854
121.47196 31.078531
121.471953 31.07853
121.471958 31.078525
121.471956 31.078523
121.47195 31.078525
121.471946 31.078523
121.471951 31.078513
121.471951 31.078518
121.471948 31.078518
121.471953 31.078531
121.47195 31.078533
121.47195 31.07853
121.471936 31.078536
121.471943 31.078543
121.471948 31.078521
121.471948 31.07852
121.471963 31.078533
121.471961 31.078533
121.471966 31.078536
121.47196 31.078528
121.47195 31.078526
121.471935 31.078541
121.471933 31.078541
121.471933 31.078525
121.471941 31.07853
121.471941 31.078531
121.471958 31.078526
121.471943 31.07853
121.471943 31.078538
121.471945 31.078531
121.471956 31.078528
121.471945 31.078535
121.471946 31.078531
121.47194 31.078543
121.471941 31.078541
121.471938 31.078525
121.47194 31.078533
121.47195 31.078553
121.471941 31.078545
121.47195 31.078548
121.471953 31.07854
121.471951 31.078535
121.471955 31.07853
121.471955 31.078528
121.471965 31.078545
121.471963 31.078545
121.471946 31.078528
121.471963 31.078531
121.471961 31.078526
121.471941 31.078548
121.471946 31.078556
121.471946 31.078555
121.47193 31.078535
121.471941 31.07854
121.471945 31.078556
121.471943 31.078553
121.471948 31.078545
121.471943 31.078561
121.471948 31.078566
121.471951 31.07855
121.471966 31.078548
121.471956 31.078545
121.471953 31.078535
121.471963 31.078525
121.471956 31.07853
121.471948 31.078528
121.471953 31.078568
121.471956 31.078561
121.471948 31.078553
121.471955 31.078565
121.471956 31.078541
121.471951 31.078551
121.471938 31.078541
121.471946 31.078546
121.471951 31.078546
121.471945 31.078556
121.471935 31.078551
121.471946 31.078561
121.471936 31.078561
121.471933 31.078553
121.471935 31.078543
121.471946 31.078543
121.471953 31.078546
121.471981 31.078528
121.471975 31.078531
121.47196 31.078521
121.471965 31.078543
121.471951 31.078541
121.471941 31.078543
121.471943 31.078546
121.471953 31.078526
121.471953 31.078551
121.471963 31.078541
121.471948 31.078545
121.471955 31.078546
121.471956 31.078535
121.471966 31.078526
121.471961 31.078525
121.471951 31.078525
121.471945 31.078525
121.471961 31.078541
121.47196 31.078535
121.471948 31.078515
121.471958 31.078553
121.471945 31.078556
121.471948 31.07856
121.471955 31.078556
121.471955 31.078533
121.47196 31.078538
121.47194 31.078528
121.471955 31.078528
121.471953 31.078531
121.471956 31.078548
121.471935 31.078558
121.471928 31.078556
121.471925 31.078548
121.47193 31.078545
121.471928 31.078551
121.47193 31.078543
121.471933 31.078545
121.471936 31.078555
121.471951 31.078556
121.471956 31.07857
121.471976 31.078558
121.47197 31.078555
121.47195 31.078568
121.47195 31.078561
121.47195 31.078548
121.471953 31.07856
121.471965 31.078558
121.471953 31.078556
121.471955 31.078558
121.471958 31.07856
121.471945 31.078561
121.471941 31.07855
121.471943 31.078556
121.47194 31.078566
121.471946 31.078568
121.471945 31.07856
121.47196 31.078548
121.471963 31.078555
121.471946 31.078555
121.471951 31.07855
121.471936 31.078533
121.471938 31.078541
121.471966 31.078528
121.471956 31.078515
121.471958 31.07851
121.471955 31.078503
121.47197 31.078541
121.471945 31.078533
121.471943 31.078508
121.471986 31.078501
121.472003 31.078513
121.471978 31.078513
121.471931 31.078503
121.471955 31.0785
121.471943 31.07851
121.471946 31.078493
121.47195 31.078515
121.471948 31.078516
121.471951 31.078518
121.471968 31.078513
121.471985 31.078511
121.471975 31.078521
121.47195 31.078526
121.471976 31.078523
121.47196 31.078526
121.471975 31.078526
121.472 31.078538
121.47198 31.078556
121.47193 31.078575
121.47192 31.078565
121.471941 31.078551
121.471938 31.07856
121.471966 31.078526
121.471975 31.078546
121.471953 31.07854
121.471948 31.078548
121.471961 31.078553
121.471993 31.078573
121.471996 31.078566
121.472001 31.078565
121.471961 31.078548
121.471963 31.078541
121.471951 31.078543
121.471961 31.07855
121.471948 31.07855
121.47195 31.078551
121.471971 31.078575
121.471971 31.078568
121.472003 31.07857
121.472 31.078583
121.471986 31.078573
121.471991 31.078586
121.47199 31.078588
121.471986 31.078583
121.471981 31.078576
121.471991 31.078573
121.471988 31.078571
121.471983 31.078583
121.471986 31.07859
121.471965 31.078561
121.471961 31.078561
121.47198 31.07858
121.47199 31.078576
121.471988 31.078593
121.471985 31.078591
121.471993 31.078601
121.471975 31.078593
121.471983 31.07857
121.471966 31.078575
121.471965 31.078596
121.471958 31.078596
121.47196 31.078605
121.471975 31.078596
121.471956 31.078591
121.471971 31.078595
121.471995 31.078581
121.471958 31.078583
121.471945 31.07857
121.471976 31.078571
121.471988 31.078578
121.47199 31.078603
121.471975 31.078615
121.471973 31.078593
121.471978 31.078591
121.47198 31.078583
121.471993 31.078593
121.471976 31.078573
121.471961 31.078575
121.471976 31.078563
121.471998 31.078553
121.472003 31.078561
121.472015 31.078578
121.472005 31.07856
121.47201 31.078555
121.471991 31.07857
121.471978 31.078563
121.472005 31.078568
121.471978 31.07856
121.471988 31.07857
121.471985 31.078553
121.471991 31.078548
121.471978 31.078548
121.471983 31.078545
121.471998 31.078531
121.471993 31.078546
121.471975 31.078546
121.471966 31.078556
121.471981 31.078553
121.471985 31.078576
121.471981 31.078573
121.471978 31.078556
121.471975 31.078575
121.47198 31.078576
121.471988 31.078573
121.471996 31.078566
121.471996 31.078566
121.471971 31.07857
121.471971 31.078568
121.471976 31.078566
121.471973 31.078561
121.471978 31.078565
121.471996 31.078566
121.471995 31.078563
121.471991 31.078563
121.471985 31.07856
121.471973 31.078556
121.471966 31.078561
121.472013 31.078571
121.471998 31.078581
121.471993 31.078576
121.472001 31.078581
121.472011 31.078593
121.47197 31.07856
121.471966 31.07856
121.471971 31.078565
121.471973 31.078541
121.471993 31.078545
121.471993 31.078551
121.471983 31.07854
121.471998 31.078553
121.471991 31.078561
121.471995 31.07857
121.471988 31.078573
121.471956 31.078586
121.471973 31.078573
121.471975 31.078565
121.471953 31.078576
121.47196 31.07858
121.47195 31.078581
121.471956 31.078575
121.471956 31.078581
121.471971 31.078565
121.471968 31.078581
121.471973 31.078576
121.471963 31.078568
121.471956 31.078573
121.471978 31.078571
121.471963 31.078573
121.471993 31.078568
121.47197 31.078565
121.471978 31.078565
121.471971 31.078548
121.471976 31.078561
121.471981 31.078583
121.471961 31.078586
121.471976 31.078585
121.471961 31.078585
121.471965 31.078575
121.471956 31.078551
121.471971 31.07857
121.471973 31.078571
121.471976 31.078568
121.471971 31.078556
121.471961 31.078565
121.471968 31.07857
121.471971 31.07857
121.471976 31.078571
121.471961 31.078535
121.471955 31.078558
121.471955 31.078551
121.471938 31.078548
121.471936 31.078533
121.471936 31.078551
121.471945 31.078541
121.47194 31.078535
121.471926 31.078545
121.47196 31.078558
121.471951 31.078556
121.471928 31.078546
121.471948 31.078555
121.471961 31.07857
121.471968 31.078571
121.47196 31.07856
121.471958 31.078563
121.471948 31.078553
121.471948 31.078568
121.471946 31.078545
121.47196 31.078558
121.47196 31.078558
121.471925 31.078553
121.47194 31.07856
121.471928 31.07857
121.471953 31.07857
121.471923 31.078568
121.471943 31.07855
121.471946 31.078548
121.471945 31.07854
121.471945 31.078553
121.471955 31.078555
121.471941 31.078563
121.471958 31.078566
121.47195 31.078533
121.471945 31.078531
121.471951 31.07855
121.471948 31.078546
121.471928 31.078536
121.471966 31.078565
121.471945 31.07855
121.47194 31.078548
121.471956 31.078541
121.471955 31.078571
121.471973 31.078578
121.471975 31.078566
121.47197 31.078585
121.471978 31.078571
121.471968 31.078573
121.47198 31.078575
121.471961 31.078558
121.471966 31.078565
121.471948 31.078576
121.471968 31.078588
121.471973 31.07857
121.471966 31.078563
121.471965 31.078576
121.471961 31.078576
121.471978 31.078558
121.471963 31.078575
121.471963 31.078571
121.471955 31.07857
121.471956 31.07857
121.471971 31.078588
121.47197 31.078593
121.471961 31.078586
121.471966 31.078573
121.471966 31.078568
121.471988 31.07859
121.471993 31.07859
121.471988 31.078586
121.471986 31.07859
121.471976 31.078591
121.471976 31.078595
121.471978 31.07858
121.471988 31.078593
121.471971 31.078593
121.47198 31.078585
121.471975 31.078585
121.471988 31.07857
121.471991 31.078561
121.47198 31.078561
121.471993 31.078546
121.471965 31.078571
121.471981 31.078583
121.471955 31.078573
121.47197 31.078588
121.471981 31.078568
121.471958 31.078575
121.471965 31.078573
121.471973 31.078583
121.471973 31.078583
121.471963 31.07858
121.47196 31.078566
121.47196 31.07858
121.471975 31.07859
121.471975 31.078588
121.471988 31.0786
121.47196 31.078586
121.471955 31.078578
121.471961 31.078578
121.471938 31.078568
121.471965 31.07859
121.471963 31.078585
121.471973 31.078598
121.471976 31.078605
121.471968 31.078605
121.471998 31.078596
121.471956 31.07858
121.471978 31.078595
121.471975 31.078611
121.471983 31.078595
121.471998 31.078596
121.472 31.0786
121.472015 31.078593
121.472008 31.078593
121.472001 31.078595
121.471993 31.078595
121.471986 31.078601
121.47198 31.078605
121.47199 31.07859
121.471978 31.078586
121.471981 31.078561
121.471978 31.07857
121.471968 31.078565
121.471981 31.078573
121.471995 31.07859
121.471998 31.078596
121.471998 31.078586
121.471986 31.078603
121.471983 31.078585
121.471983 31.078585
121.471961 31.07858
121.471948 31.078573
121.47195 31.078593
121.471936 31.078563
121.471936 31.078546
121.471941 31.078545
121.471961 31.078543
121.471956 31.078551
121.47194 31.07853
121.471958 31.078571
121.471941 31.078543
121.471958 31.078546
121.471938 31.07855
121.471955 31.0786
121.471951 31.078593
121.471936 31.078575
121.47192 31.078576
121.47193 31.07856
121.47194 31.078568
121.471948 31.078563
121.471938 31.078556
121.471936 31.078581
121.471923 31.078571
121.471913 31.078568
121.471911 31.078576
121.471913 31.078563
121.471923 31.07857
121.471923 31.078556
121.471948 31.078548
121.47192 31.078538
121.471916 31.078561
121.471945 31.078561
121.471938 31.078536
121.471938 31.078535
121.471926 31.078555
121.471928 31.078536
121.47193 31.078528
121.471925 31.078538
121.471943 31.078523
121.471963 31.078558
121.471928 31.078561
121.471931 31.078536
121.471928 31.078546
121.471961 31.078525
121.471956 31.078525
121.47193 31.07855
121.471935 31.078546
121.471938 31.078553
121.471935 31.078533
121.471938 31.078536
121.471938 31.078543
121.47194 31.078531
121.471945 31.078538
121.471938 31.078541
121.471963 31.078543
121.471938 31.078538
121.471936 31.07855
121.471961 31.078546
121.471955 31.078533
121.471958 31.07853
121.471948 31.078533
121.471953 31.07855
121.471956 31.078535
121.471966 31.078538
121.471948 31.078533
121.471971 31.078548
121.47196 31.078545
121.471971 31.078543
121.471975 31.078536
121.471961 31.078553
121.471951 31.078545
121.471971 31.078535
121.471918 31.078531
121.471938 31.07853
121.471951 31.078565
121.471956 31.078568
121.471956 31.07856
121.471958 31.078548
121.471956 31.07857
121.471958 31.078556
121.47192 31.078563
121.471921 31.078565
121.471953 31.078555
121.471955 31.078571
121.471963 31.078566
121.471926 31.078531
121.471945 31.078546
121.471965 31.078571
121.471936 31.078533
121.471936 31.078543
121.471953 31.078568
121.471935 31.078548
121.471931 31.078581
121.471945 31.078575
121.471948 31.078566
121.471973 31.07857
121.471963 31.07858
121.47199 31.078563
121.47198 31.078546
121.471966 31.078558
121.471943 31.078543
121.471965 31.078551
121.471953 31.078546
121.471961 31.078536
121.47195 31.078533
121.471951 31.078536
121.471931 31.07854
121.471941 31.078536
121.471943 31.07852
121.471958 31.07854
121.471956 31.078505
121.471955 31.078501
121.471956 31.0785
121.471975 31.078533
121.47194 31.078538
121.471946 31.078523
121.471946 31.078521
121.471935 31.078521
121.471931 31.078518
121.47194 31.078496
121.471941 31.078505
121.471956 31.07854
121.471955 31.078525
121.471956 31.078538
121.47196 31.078533
121.471946 31.07853
121.47195 31.078535
121.471946 31.07854
121.471946 31.07854
121.471938 31.078533
121.471975 31.07853
121.471936 31.078515
121.471938 31.078526
121.471968 31.078513
121.471966 31.078535
121.471988 31.078545
121.471978 31.078531
121.471971 31.078543
121.471966 31.078536
121.47195 31.078518
121.471961 31.078515
121.471955 31.078515
121.471965 31.078536
121.471963 31.078516
121.471961 31.078511
121.471958 31.078518
121.471958 31.078521
121.47195 31.078536
121.471961 31.078545
121.471965 31.078538
121.471968 31.078541
121.471965 31.078551
121.471946 31.078525
121.471966 31.078535
121.471963 31.078553
121.471953 31.078546
121.471955 31.078543
121.471961 31.078543
121.471951 31.078538
121.471931 31.078536
121.471968 31.078551
121.471941 31.078541
121.471943 31.078533
121.471928 31.078515
121.471933 31.07853
121.471933 31.078521
121.471945 31.078518
121.471948 31.078533
121.471951 31.078543
121.47196 31.078531
121.471955 31.07854
121.47196 31.078531
121.471953 31.07853
121.471958 31.078525
121.471956 31.078523
121.47195 31.078525
121.471946 31.078523
121.471951 31.078513
121.471951 31.078518
121.471948 31.078518
121.471953 31.078531
121.47195 31.078533
121.47195 31.07853
121.471936 31.078536
121.471943 31.078543
121.471948 31.078521
121.471948 31.07852
121.471963 31.078533
121.471961 31.078533
121.471966 31.078536
121.47196 31.078528
121.47195 31.078526
121.471935 31.078541
121.471933 31.078541
121.471933 31.078525
121.471941 31.07853
121.471941 31.078531
121.471958 31.078526
121.471943 31.07853
121.471943 31.078538
121.471945 31.078531
121.471956 31.078528
121.471945 31.078535
121.471946 31.078531
121.47194 31.078543
121.471941 31.078541
121.471938 31.078525
121.47194 31.078533
121.47195 31.078553
121.471941 31.078545
121.47195 31.078548
121.471953 31.07854
121.471951 31.078535
121.471955 31.07853
121.471955 31.078528
121.471965 31.078545
121.471963 31.078545
121.471946 31.078528
121.471963 31.078531
121.471961 31.078526
121.471941 31.078548
121.471946 31.078556
121.471946 31.078555
121.47193 31.078535
121.471941 31.07854
121.471945 31.078556
121.471943 31.078553
121.471948 31.078545
121.471943 31.078561
121.471948 31.078566
121.471951 31.07855
121.471966 31.078548
121.471956 31.078545
121.471953 31.078535
121.471963 31.078525
121.471956 31.07853
121.471948 31.078528
121.471953 31.078568
121.471956 31.078561
121.471948 31.078553
121.471955 31.078565
121.471956 31.078541
121.471951 31.078551
121.471938 31.078541
121.471946 31.078546
121.471951 31.078546
121.471945 31.078556
121.471935 31.078551
121.471946 31.078561
121.471936 31.078561
121.471933 31.078553
121.471935 31.078543
121.471946 31.078543
121.471953 31.078546
121.471981 31.078528
121.471975 31.078531
121.47196 31.078521
121.471965 31.078543
121.471951 31.078541
121.471941 31.078543
121.471943 31.078546
121.471953 31.078526
121.471953 31.078551
121.471963 31.078541
121.471948 31.078545
121.471955 31.078546
121.471956 31.078535
121.471966 31.078526
121.471961 31.078525
121.471951 31.078525
121.471945 31.078525
121.471961 31.078541
121.47196 31.078535
121.471948 31.078515
121.471958 31.078553
121.471945 31.078556
121.471948 31.07856
121.471955 31.078556
121.471955 31.078533
121.47196 31.078538
121.47194 31.078528
121.471955 31.078528
121.471953 31.078531
121.471956 31.078548
121.471935 31.078558
121.471928 31.078556
121.471925 31.078548
121.47193 31.078545
121.471928 31.078551
121.47193 31.078543
121.471933 31.078545
121.471936 31.078555
121.471951 31.078556
121.471956 31.07857
121.471976 31.078558
121.47197 31.078555
121.47195 31.078568
121.47195 31.078561
121.47195 31.078548
121.471953 31.07856
121.471965 31.078558
121.471953 31.078556
121.471955 31.078558
121.471958 31.07856
121.471945 31.078561
121.471941 31.07855
121.471943 31.078556
121.47194 31.078566
121.471946 31.078568
121.471945 31.07856
121.47196 31.078548
121.471963 31.078555
121.471946 31.078555
121.471951 31.07855
121.471936 31.078533
121.471938 31.078541
121.471966 31.078528
121.471956 31.078515
121.471958 31.07851
121.471955 31.078503
121.47197 31.078541
121.471945 31.078533
121.471943 31.078508
121.471986 31.078501
121.472003 31.078513
121.471978 31.078513
121.471931 31.078503
121.471955 31.0785
121.471943 31.07851
121.471946 31.078493
121.47195 31.078515
121.471948 31.078516
121.471951 31.078518
121.471968 31.078513
121.471985 31.078511
121.471975 31.078521
121.47195 31.078526
121.471976 31.078523
121.47196 31.078526
121.471975 31.078526
121.472 31.078538
121.47198 31.078556
121.47193 31.078575
121.47192 31.078565
121.471941 31.078551
121.471938 31.07856
121.471966 31.078526
121.471975 31.078546
121.471953 31.07854
121.471948 31.078548
121.471961 31.078553
121.471993 31.078573
121.471996 31.078566
121.472001 31.078565
121.471961 31.078548
121.471963 31.078541
121.471951 31.078543
121.471961 31.07855
121.471948 31.07855
121.47195 31.078551
121.471971 31.078575
121.471971 31.078568
121.472003 31.07857
121.472 31.078583
121.471986 31.078573
121.471991 31.078586
121.47199 31.078588
121.471986 31.078583
121.471981 31.078576
121.471991 31.078573
121.471988 31.078571
121.471983 31.078583
121.471986 31.07859
121.471965 31.078561
121.471961 31.078561
121.47198 31.07858
121.47199 31.078576
121.471988 31.078593
121.471985 31.078591
121.471993 31.078601
121.471975 31.078593
121.471983 31.07857
121.471966 31.078575
121.471965 31.078596
121.471958 31.078596
121.47196 31.078605
121.471975 31.078596
121.471956 31.078591
121.471971 31.078595
121.471995 31.078581
121.471958 31.078583
121.471945 31.07857
121.471976 31.078571
121.471988 31.078578
121.47199 31.078603
121.471975 31.078615
121.471973 31.078593
121.471978 31.078591
121.47198 31.078583
121.471993 31.078593
121.471976 31.078573
121.471961 31.078575
121.471976 31.078563
121.471998 31.078553
121.472003 31.078561
121.472015 31.078578
121.472005 31.07856
121.47201 31.078555
121.471991 31.07857
121.471978 31.078563
121.472005 31.078568
121.471978 31.07856
121.471988 31.07857
121.471985 31.078553
121.471991 31.078548
121.471978 31.078548
121.471983 31.078545
121.471998 31.078531
121.471993 31.078546
121.471975 31.078546
121.471966 31.078556
121.471981 31.078553
121.471985 31.078576
121.471981 31.078573
121.471978 31.078556
121.471975 31.078575
121.47198 31.078576
121.471988 31.078573
121.471996 31.078566
121.471996 31.078566
121.471971 31.07857
121.471971 31.078568
121.471976 31.078566
121.471973 31.078561
121.471978 31.078565
121.471996 31.078566
121.471995 31.078563
121.471991 31.078563
121.471985 31.07856
121.471973 31.078556
121.471966 31.078561
121.472013 31.078571
121.471998 31.078581
121.471993 31.078576
121.472001 31.078581
121.472011 31.078593
121.47197 31.07856
121.471966 31.07856
121.471971 31.078565
121.471973 31.078541
121.471993 31.078545
121.471993 31.078551
121.471983 31.07854
121.471998 31.078553
121.471991 31.078561
121.471995 31.07857
121.471988 31.078573
121.471956 31.078586
121.471973 31.078573
121.471975 31.078565
121.471953 31.078576
121.47196 31.07858
121.47195 31.078581
121.471956 31.078575
121.471956 31.078581
121.471971 31.078565
121.471968 31.078581
121.471973 31.078576
121.471963 31.078568
121.471956 31.078573
121.471978 31.078571
121.471963 31.078573
121.471993 31.078568
121.47197 31.078565
121.471978 31.078565
121.471971 31.078548
121.471976 31.078561
121.471981 31.078583
121.471961 31.078586
121.471976 31.078585
121.471961 31.078585
121.471965 31.078575
121.471956 31.078551
121.471971 31.07857
121.471973 31.078571
121.471976 31.078568
121.471971 31.078556
121.471961 31.078565
121.471968 31.07857
121.471971 31.07857
121.471976 31.078571
121.471961 31.078535
121.471955 31.078558
121.471955 31.078551
121.471938 31.078548
121.471936 31.078533
121.471936 31.078551
121.471945 31.078541
121.47194 31.078535
121.471926 31.078545
121.47196 31.078558
121.471951 31.078556
121.471928 31.078546
121.471948 31.078555
121.471961 31.07857
121.471968 31.078571
121.47196 31.07856
121.471958 31.078563
121.471948 31.078553
121.471948 31.078568
121.471946 31.078545
121.47196 31.078558
121.47196 31.078558
121.471925 31.078553
121.47194 31.07856
121.471928 31.07857
121.471953 31.07857
121.471923 31.078568
121.471943 31.07855
121.471946 31.078548
121.471945 31.07854
121.471945 31.078553
121.471955 31.078555
121.471941 31.078563
121.471958 31.078566
121.47195 31.078533
121.471945 31.078531
121.471951 31.07855
121.471948 31.078546
121.471928 31.078536
121.471966 31.078565
121.471945 31.07855
121.47194 31.078548
121.471956 31.078541
121.471955 31.078571
121.471973 31.078578
121.471975 31.078566
121.47197 31.078585
121.471978 31.078571
121.471968 31.078573
121.47198 31.078575
121.471961 31.078558
121.471966 31.078565
121.471948 31.078576
121.471968 31.078588
121.471973 31.07857
121.471966 31.078563
121.471965 31.078576
121.471961 31.078576
121.471978 31.078558
121.471963 31.078575
121.471963 31.078571
121.471955 31.07857
121.471956 31.07857
121.471971 31.078588
121.47197 31.078593
121.471961 31.078586
121.471966 31.078573
121.471966 31.078568
121.471988 31.07859
121.471993 31.07859
121.471988 31.078586
121.471986 31.07859
121.471976 31.078591
121.471976 31.078595
121.471978 31.07858
121.471988 31.078593
121.471971 31.078593
121.47198 31.078585
121.471975 31.078585
121.471988 31.07857
121.471991 31.078561
121.47198 31.078561
121.471993 31.078546
121.471965 31.078571
121.471981 31.078583
121.471955 31.078573
121.47197 31.078588
121.471981 31.078568
121.471958 31.078575
121.471965 31.078573
121.471973 31.078583
121.471973 31.078583
121.471963 31.07858
121.47196 31.078566
121.47196 31.07858
121.471975 31.07859
121.471975 31.078588
121.471988 31.0786
121.47196 31.078586
121.471955 31.078578
121.471961 31.078578
121.471938 31.078568
121.471965 31.07859
121.471963 31.078585
121.471973 31.078598
121.471976 31.078605
121.471968 31.078605
121.471998 31.078596
121.471956 31.07858
121.471978 31.078595
121.471975 31.078611
121.471983 31.078595
121.471998 31.078596
121.472 31.0786
121.472015 31.078593
121.472008 31.078593
121.472001 31.078595
121.471993 31.078595
121.471986 31.078601
121.47198 31.078605
121.47199 31.07859
121.471978 31.078586
121.471981 31.078561
121.471978 31.07857
121.471968 31.078565
121.471981 31.078573
121.471995 31.07859
121.471998 31.078596
121.471998 31.078586
121.471986 31.078603
121.471983 31.078585
121.471983 31.078585
121.471961 31.07858
121.471948 31.078573
121.47195 31.078593
121.471936 31.078563
121.471936 31.078546
121.471941 31.078545
121.471961 31.078543
121.471956 31.078551
121.47194 31.07853
121.471958 31.078571
121.471941 31.078543
121.471958 31.078546
121.471938 31.07855
121.471955 31.0786
121.471951 31.078593
121.471936 31.078575
121.47192 31.078576
121.47193 31.07856
121.47194 31.078568
121.471948 31.078563
121.471938 31.078556
121.471936 31.078581
121.471923 31.078571
121.471913 31.078568
121.471911 31.078576
121.471913 31.078563
121.471923 31.07857
121.471923 31.078556
121.471948 31.078548
121.47192 31.078538
121.471916 31.078561
121.471945 31.078561
121.471938 31.078536
121.471938 31.078535
121.471926 31.078555
121.471928 31.078536
121.47193 31.078528
121.471925 31.078538
121.471943 31.078523
121.471963 31.078558
121.471928 31.078561
121.471931 31.078536
121.471928 31.078546
121.471961 31.078525
121.471956 31.078525
121.47193 31.07855
121.471935 31.078546
121.471938 31.078553
121.471935 31.078533
121.471938 31.078536
121.471938 31.078543
121.47194 31.078531
121.471945 31.078538
121.471938 31.078541
121.471963 31.078543
121.471938 31.078538
121.471936 31.07855
121.471961 31.078546
121.471955 31.078533
121.471958 31.07853
121.471948 31.078533
121.471953 31.07855
121.471956 31.078535
121.471966 31.078538
121.471948 31.078533
121.471971 31.078548
121.47196 31.078545
121.471971 31.078543
121.471975 31.078536
121.471961 31.078553
121.471951 31.078545
121.471971 31.078535
121.471918 31.078531
121.471938 31.07853
121.471951 31.078565
121.471956 31.078568
121.471956 31.07856
121.471958 31.078548
121.471956 31.07857
121.471958 31.078556
121.47192 31.078563
121.471921 31.078565
121.471953 31.078555
121.471955 31.078571
121.471963 31.078566
121.471926 31.078531
121.471945 31.078546
121.471965 31.078571
121.471936 31.078533
121.471936 31.078543
121.471953 31.078568
121.471935 31.078548
121.471931 31.078581
121.471945 31.078575
121.471948 31.078566
121.471973 31.07857
121.471963 31.07858
121.47199 31.078563
121.47198 31.078546
121.471966 31.078558
121.471943 31.078543
121.471965 31.078551
121.471953 31.078546
121.471961 31.078536
121.47195 31.078533
121.471951 31.078536
121.471931 31.07854
121.471941 31.078536
121.471943 31.07852
121.471958 31.07854
121.471956 31.078505
121.471955 31.078501
121.471956 31.0785
121.471975 31.078533
121.47194 31.078538
121.471946 31.078523
121.471946 31.078521
121.471935 31.078521
121.471931 31.078518
121.47194 31.078496
121.471941 31.078505
121.471956 31.07854
121.471955 31.078525
121.471956 31.078538
121.47196 31.078533
121.471946 31.07853
121.47195 31.078535
121.471946 31.07854
121.471946 31.07854
121.471938 31.078533
121.471975 31.07853
121.471936 31.078515
121.471938 31.078526
121.471968 31.078513
121.471966 31.078535
121.471988 31.078545
121.471978 31.078531
121.471971 31.078543
121.471966 31.078536
121.47195 31.078518
121.471961 31.078515
121.471955 31.078515
121.471965 31.078536
121.471963 31.078516
121.471961 31.078511
121.471958 31.078518
121.471958 31.078521
121.47195 31.078536
121.471961 31.078545
121.471965 31.078538
121.471968 31.078541
121.471965 31.078551
121.471946 31.078525
121.471966 31.078535
121.471963 31.078553
121.471953 31.078546
121.471955 31.078543
121.471961 31.078543
121.471951 31.078538
121.471931 31.078536
121.471968 31.078551
121.471941 31.078541
121.471943 31.078533
121.471928 31.078515
121.471933 31.07853
121.471933 31.078521
121.471945 31.078518
121.471948 31.078533
121.471951 31.078543
121.47196 31.078531
121.471955 31.07854
121.47196 31.078531
121.471953 31.07853
121.471958 31.078525
121.471956 31.078523
121.47195 31.078525
121.471946 31.078523
121.471951 31.078513
121.471951 31.078518
121.471948 31.078518
121.471953 31.078531
121.47195 31.078533
121.47195 31.07853
121.471936 31.078536
121.471943 31.078543
121.471948 31.078521
121.471948 31.07852
121.471963 31.078533
121.471961 31.078533
121.471966 31.078536
121.47196 31.078528
121.47195 31.078526
121.471935 31.078541
121.471933 31.078541
121.471933 31.078525
121.471941 31.07853
121.471941 31.078531
121.471958 31.078526
121.471943 31.07853
121.471943 31.078538
121.471945 31.078531
121.471956 31.078528
121.471945 31.078535
121.471946 31.078531
121.47194 31.078543
121.471941 31.078541
121.471938 31.078525
121.47194 31.078533
121.47195 31.078553
121.471941 31.078545
121.47195 31.078548
121.471953 31.07854
121.471951 31.078535
121.471955 31.07853
121.471955 31.078528
121.471965 31.078545
121.471963 31.078545
121.471946 31.078528
121.471963 31.078531
121.471961 31.078526
121.471941 31.078548
121.471946 31.078556
121.471946 31.078555
121.47193 31.078535
121.471941 31.07854
121.471945 31.078556
121.471943 31.078553
121.471948 31.078545
121.471943 31.078561
121.471948 31.078566
121.471951 31.07855
121.471966 31.078548
121.471956 31.078545
121.471953 31.078535
121.471963 31.078525
121.471956 31.07853
121.471948 31.078528
121.471953 31.078568
121.471956 31.078561
121.471948 31.078553
121.471955 31.078565
121.471956 31.078541
121.471951 31.078551
121.471938 31.078541
121.471946 31.078546
121.471951 31.078546
121.471945 31.078556
121.471935 31.078551
121.471946 31.078561
121.471936 31.078561
121.471933 31.078553
121.471935 31.078543
121.471946 31.078543
121.471953 31.078546
121.471981 31.078528
121.471975 31.078531
121.47196 31.078521
121.471965 31.078543
121.471951 31.078541
121.471941 31.078543
121.471943 31.078546
121.471953 31.078526
121.471953 31.078551
121.471963 31.078541
121.471948 31.078545
121.471955 31.078546
121.471956 31.078535
121.471966 31.078526
121.471961 31.078525
121.471951 31.078525
121.471945 31.078525
121.471961 31.078541
121.47196 31.078535
121.471948 31.078515
121.471958 31.078553
121.471945 31.078556
121.471948 31.07856
121.471955 31.078556
121.471955 31.078533
121.47196 31.078538
121.47194 31.078528
121.471955 31.078528
121.471953 31.078531
121.471956 31.078548
121.471935 31.078558
121.471928 31.078556
121.471925 31.078548
121.47193 31.078545
121.471928 31.078551
121.47193 31.078543
121.471933 31.078545
121.471936 31.078555
121.471951 31.078556
121.471956 31.07857
121.471976 31.078558
121.47197 31.078555
121.47195 31.078568
121.47195 31.078561
121.47195 31.078548
121.471953 31.07856
121.471965 31.078558
121.471953 31.078556
121.471955 31.078558
121.471958 31.07856
121.471945 31.078561
121.471941 31.07855
121.471943 31.078556
121.47194 31.078566
121.471946 31.078568
121.471945 31.07856
121.47196 31.078548
121.471963 31.078555
121.471946 31.078555
121.471951 31.07855
121.471936 31.078533
121.471938 31.078541
121.471966 31.078528
121.471956 31.078515
121.471958 31.07851
121.471955 31.078503
121.47197 31.078541
121.471945 31.078533
121.471943 31.078508
121.471986 31.078501
121.472003 31.078513
121.471978 31.078513
121.471931 31.078503
121.471955 31.0785
121.471943 31.07851
121.471946 31.078493
121.47195 31.078515
121.471948 31.078516
121.471951 31.078518
121.471968 31.078513
121.471985 31.078511
121.471975 31.078521
121.47195 31.078526
121.471976 31.078523
121.47196 31.078526
121.471975 31.078526
121.472 31.078538
121.47198 31.078556
121.47193 31.078575
121.47192 31.078565
121.471941 31.078551
121.471938 31.07856
121.471966 31.078526
121.471975 31.078546
121.471953 31.07854
121.471948 31.078548
121.471961 31.078553
121.471993 31.078573
121.471996 31.078566
121.472001 31.078565
121.471961 31.078548
121.471963 31.078541
121.471951 31.078543
121.471961 31.07855
121.471948 31.07855
121.47195 31.078551
121.471971 31.078575
121.471971 31.078568
121.472003 31.07857
121.472 31.078583
121.471986 31.078573
121.471991 31.078586
121.47199 31.078588
121.471986 31.078583
121.471981 31.078576
121.471991 31.078573
121.471988 31.078571
121.471983 31.078583
121.471986 31.07859
121.471965 31.078561
121.471961 31.078561
121.47198 31.07858
121.47199 31.078576
121.471988 31.078593
121.471985 31.078591
121.471993 31.078601
121.471975 31.078593
121.471983 31.07857
121.471966 31.078575
121.471965 31.078596
121.471958 31.078596
121.47196 31.078605
121.471975 31.078596
121.471956 31.078591
121.471971 31.078595
121.471995 31.078581
121.471958 31.078583
121.471945 31.07857
121.471976 31.078571
121.471988 31.078578
121.47199 31.078603
121.471975 31.078615
121.471973 31.078593
121.471978 31.078591
121.47198 31.078583
121.471993 31.078593
121.471976 31.078573
121.471961 31.078575
121.471976 31.078563
121.471998 31.078553
121.472003 31.078561
121.472015 31.078578
121.472005 31.07856
121.47201 31.078555
121.471991 31.07857
121.471978 31.078563
121.472005 31.078568
121.471978 31.07856
121.471988 31.07857
121.471985 31.078553
121.471991 31.078548
121.471978 31.078548
121.471983 31.078545
121.471998 31.078531
121.471993 31.078546
121.471975 31.078546
121.471966 31.078556
121.471981 31.078553
121.471985 31.078576
121.471981 31.078573
121.471978 31.078556
121.471975 31.078575
121.47198 31.078576
121.471988 31.078573
121.471996 31.078566
121.471996 31.078566
121.471971 31.07857
121.471971 31.078568
121.471976 31.078566
121.471973 31.078561
121.471978 31.078565
121.471996 31.078566
121.471995 31.078563
121.471991 31.078563
121.471985 31.07856
121.471973 31.078556
121.471966 31.078561
121.472013 31.078571
121.471998 31.078581
121.471993 31.078576
121.472001 31.078581
121.472011 31.078593
121.47197 31.07856
121.471966 31.07856
121.471971 31.078565
121.471973 31.078541
121.471993 31.078545
121.471993 31.078551
121.471983 31.07854
121.471998 31.078553
121.471991 31.078561
121.471995 31.07857
121.471988 31.078573
121.471956 31.078586
121.471973 31.078573
121.471975 31.078565
121.471953 31.078576
121.47196 31.07858
121.47195 31.078581
121.471956 31.078575
121.471956 31.078581
121.471971 31.078565
121.471968 31.078581
121.471973 31.078576
121.471963 31.078568
121.471956 31.078573
121.471978 31.078571
121.471963 31.078573
121.471993 31.078568
121.47197 31.078565
121.471978 31.078565
121.471971 31.078548
121.471976 31.078561
121.471981 31.078583
121.471961 31.078586
121.471976 31.078585
121.471961 31.078585
121.471965 31.078575
121.471956 31.078551
121.471971 31.07857
121.471973 31.078571
121.471976 31.078568
121.471971 31.078556
121.471961 31.078565
121.471968 31.07857
121.471971 31.07857
121.471976 31.078571
121.471961 31.078535
121.471955 31.078558
121.471955 31.078551
121.471938 31.078548
121.471936 31.078533
121.471936 31.078551
121.471945 31.078541
121.47194 31.078535
121.471926 31.078545
121.47196 31.078558
121.471951 31.078556
121.471928 31.078546
121.471948 31.078555
121.471961 31.07857
121.471968 31.078571
121.47196 31.07856
121.471958 31.078563
121.471948 31.078553
121.471948 31.078568
121.471946 31.078545
121.47196 31.078558
121.47196 31.078558
121.471925 31.078553
121.47194 31.07856
121.471928 31.07857
121.471953 31.07857
121.471923 31.078568
121.471943 31.07855
121.471946 31.078548
121.471945 31.07854
121.471945 31.078553
121.471955 31.078555
121.471941 31.078563
121.471958 31.078566
121.47195 31.078533
121.471945 31.078531
121.471951 31.07855
121.471948 31.078546
121.471928 31.078536
121.471966 31.078565
121.471945 31.07855
121.47194 31.078548
121.471956 31.078541
121.471955 31.078571
121.471973 31.078578
121.471975 31.078566
121.47197 31.078585
121.471978 31.078571
121.471968 31.078573
121.47198 31.078575
121.471961 31.078558
121.471966 31.078565
121.471948 31.078576
121.471968 31.078588
121.471973 31.07857
121.471966 31.078563
121.471965 31.078576
121.471961 31.078576
121.471978 31.078558
121.471963 31.078575
121.471963 31.078571
121.471955 31.07857
121.471956 31.07857
121.471971 31.078588
121.47197 31.078593
121.471961 31.078586
121.471966 31.078573
121.471966 31.078568
121.471988 31.07859
121.471993 31.07859
121.471988 31.078586
121.471986 31.07859
121.471976 31.078591
121.471976 31.078595
121.471978 31.07858
121.471988 31.078593
121.471971 31.078593
121.47198 31.078585
121.471975 31.078585
121.471988 31.07857
121.471991 31.078561
121.47198 31.078561
121.471993 31.078546
121.471965 31.078571
121.471981 31.078583
121.471955 31.078573
121.47197 31.078588
121.471981 31.078568
121.471958 31.078575
121.471965 31.078573
121.471973 31.078583
121.471973 31.078583
121.471963 31.07858
121.47196 31.078566
121.47196 31.07858
121.471975 31.07859
121.471975 31.078588
121.471988 31.0786
121.47196 31.078586
121.471955 31.078578
121.471961 31.078578
121.471938 31.078568
121.471965 31.07859
121.471963 31.078585
121.471973 31.078598
121.471976 31.078605
121.471968 31.078605
121.471998 31.078596
121.471956 31.07858
121.471978 31.078595
121.471975 31.078611
121.471983 31.078595
121.471998 31.078596
121.472 31.0786
121.472015 31.078593
121.472008 31.078593
121.472001 31.078595
121.471993 31.078595
121.471986 31.078601
121.47198 31.078605
121.47199 31.07859
121.471978 31.078586
121.471981 31.078561
121.471978 31.07857
121.471968 31.078565
121.471981 31.078573
121.471995 31.07859
121.471998 31.078596
121.471998 31.078586
121.471986 31.078603
121.471983 31.078585
121.471983 31.078585
121.471961 31.07858
121.471948 31.078573
121.47195 31.078593
121.471936 31.078563
121.471936 31.078546
121.471941 31.078545
121.471961 31.078543
121.471956 31.078551
121.47194 31.07853
121.471958 31.078571
121.471941 31.078543
121.471958 31.078546
121.471938 31.07855
121.471955 31.0786
121.471951 31.078593
121.471936 31.078575
121.47192 31.078576
121.47193 31.07856
121.47194 31.078568
121.471948 31.078563
121.471938 31.078556
121.471936 31.078581
121.471923 31.078571
121.471913 31.078568
121.471911 31.078576
121.471913 31.078563
121.471923 31.07857
121.471923 31.078556
121.471948 31.078548
121.47192 31.078538
121.471916 31.078561
121.471945 31.078561
121.471938 31.078536
121.471938 31.078535
121.471926 31.078555
121.471928 31.078536
121.47193 31.078528
121.471925 31.078538
121.471943 31.078523
121.471963 31.078558
121.471928 31.078561
121.471931 31.078536
121.471928 31.078546
121.471961 31.078525
121.471956 31.078525
121.47193 31.07855
121.471935 31.078546
121.471938 31.078553
121.471935 31.078533
121.471938 31.078536
121.471938 31.078543
121.47194 31.078531
121.471945 31.078538
121.471938 31.078541
121.471963 31.078543
121.471938 31.078538
121.471936 31.07855
121.471961 31.078546
121.471955 31.078533
121.471958 31.07853
121.471948 31.078533
121.471953 31.07855
121.471956 31.078535
121.471966 31.078538
121.471948 31.078533
121.471971 31.078548
121.47196 31.078545
121.471971 31.078543
121.471975 31.078536
121.471961 31.078553
121.471951 31.078545
121.471971 31.078535
121.471918 31.078531
121.471938 31.07853
121.471951 31.078565
121.471956 31.078568
121.471956 31.07856
121.471958 31.078548
121.471956 31.07857
121.471958 31.078556
121.47192 31.078563
121.471921 31.078565
121.471953 31.078555
121.471955 31.078571
121.471963 31.078566
121.471926 31.078531
121.471945 31.078546
121.471965 31.078571
121.471936 31.078533
121.471936 31.078543
121.471953 31.078568
121.471935 31.078548
121.471931 31.078581
121.471945 31.078575
121.471948 31.078566
121.471973 31.07857
121.471963 31.07858
121.47199 31.078563
121.47198 31.078546
121.471966 31.078558
121.471943 31.078543
121.471965 31.078551
121.471953 31.078546
121.471961 31.078536
121.47195 31.078533
121.471951 31.078536
121.471931 31.07854
121.471941 31.078536
121.471943 31.07852
121.471958 31.07854
121.471956 31.078505
121.471955 31.078501
121.471956 31.0785
121.471975 31.078533
121.47194 31.078538
121.471946 31.078523
121.471946 31.078521
121.471935 31.078521
121.471931 31.078518
121.47194 31.078496
121.471941 31.078505
121.471956 31.07854
121.471955 31.078525
121.471956 31.078538
121.47196 31.078533
121.471946 31.07853
121.47195 31.078535
121.471946 31.07854
121.471946 31.07854
121.471938 31.078533
121.471975 31.07853
121.471936 31.078515
121.471938 31.078526
121.471968 31.078513
121.471966 31.078535
121.471988 31.078545
121.471978 31.078531
121.471971 31.078543
121.471966 31.078536
121.47195 31.078518
121.471961 31.078515
121.471955 31.078515
121.471965 31.078536
121.471963 31.078516
121.471961 31.078511
121.471958 31.078518
121.471958 31.078521
121.47195 31.078536
121.471961 31.078545
121.471965 31.078538
121.471968 31.078541
121.471965 31.078551
121.471946 31.078525
121.471966 31.078535
121.471963 31.078553
121.471953 31.078546
121.471955 31.078543
121.471961 31.078543
121.471951 31.078538
121.471931 31.078536
121.471968 31.078551
121.471941 31.078541
121.471943 31.078533
121.471928 31.078515
121.471933 31.07853
121.471933 31.078521
121.471945 31.078518
121.471948 31.078533
121.471951 31.078543
121.47196 31.078531
121.471955 31.07854
121.47196 31.078531
121.471953 31.07853
121.471958 31.078525
121.471956 31.078523
121.47195 31.078525
121.471946 31.078523
121.471951 31.078513
121.471951 31.078518
121.471948 31.078518
121.471953 31.078531
121.47195 31.078533
121.47195 31.07853
121.471936 31.078536
121.471943 31.078543
121.471948 31.078521
121.471948 31.07852
121.471963 31.078533
121.471961 31.078533
121.471966 31.078536
121.47196 31.078528
121.47195 31.078526
121.471935 31.078541
121.471933 31.078541
121.471933 31.078525
121.471941 31.07853
121.471941 31.078531
121.471958 31.078526
121.471943 31.07853
121.471943 31.078538
121.471945 31.078531
121.471956 31.078528
121.471945 31.078535
121.471946 31.078531
121.47194 31.078543
121.471941 31.078541
121.471938 31.078525
121.47194 31.078533
121.47195 31.078553
121.471941 31.078545
121.47195 31.078548
121.471953 31.07854
121.471951 31.078535
121.471955 31.07853
121.471955 31.078528
121.471965 31.078545
121.471963 31.078545
121.471946 31.078528
121.471963 31.078531
121.471961 31.078526
121.471941 31.078548
121.471946 31.078556
121.471946 31.078555
121.47193 31.078535
121.471941 31.07854
121.471945 31.078556
121.471943 31.078553
121.471948 31.078545
121.471943 31.078561
121.471948 31.078566
121.471951 31.07855
121.471966 31.078548
121.471956 31.078545
121.471953 31.078535
121.471963 31.078525
121.471956 31.07853
121.471948 31.078528
121.471953 31.078568
121.471956 31.078561
121.471948 31.078553
121.471955 31.078565
121.471956 31.078541
121.471951 31.078551
121.471938 31.078541
121.471946 31.078546
121.471951 31.078546
121.471945 31.078556
121.471935 31.078551
121.471946 31.078561
121.471936 31.078561
121.471933 31.078553
121.471935 31.078543
121.471946 31.078543
121.471953 31.078546
121.471981 31.078528
121.471975 31.078531
121.47196 31.078521
121.471965 31.078543
121.471951 31.078541
121.471941 31.078543
121.471943 31.078546
121.471953 31.078526
121.471953 31.078551
121.471963 31.078541
121.471948 31.078545
121.471955 31.078546
121.471956 31.078535
121.471966 31.078526
121.471961 31.078525
121.471951 31.078525
121.471945 31.078525
121.471961 31.078541
121.47196 31.078535
121.471948 31.078515
121.471958 31.078553
121.471945 31.078556
121.471948 31.07856
121.471955 31.078556
121.471955 31.078533
121.47196 31.078538
121.47194 31.078528
121.471955 31.078528
121.471953 31.078531
121.471956 31.078548
121.471935 31.078558
121.471928 31.078556
121.471925 31.078548
121.47193 31.078545
121.471928 31.078551
121.47193 31.078543
121.471933 31.078545
121.471936 31.078555
121.471951 31.078556
121.471956 31.07857
121.471976 31.078558
121.47197 31.078555
121.47195 31.078568
121.47195 31.078561
121.47195 31.078548
121.471953 31.07856
121.471965 31.078558
121.471953 31.078556
121.471955 31.078558
121.471958 31.07856
121.471945 31.078561
121.471941 31.07855
121.471943 31.078556
121.47194 31.078566
121.471946 31.078568
121.471945 31.07856
121.47196 31.078548
121.471963 31.078555
121.471946 31.078555
121.471951 31.07855
121.471936 31.078533
121.471938 31.078541
121.471966 31.078528
121.471956 31.078515
121.471958 31.07851
121.471955 31.078503
121.47197 31.078541
121.471945 31.078533
121.471943 31.078508
121.471986 31.078501
121.472003 31.078513
121.471978 31.078513
121.471931 31.078503
121.471955 31.0785
121.471943 31.07851
121.471946 31.078493
121.47195 31.078515
121.471948 31.078516
121.471951 31.078518
121.471968 31.078513
121.471985 31.078511
121.471975 31.078521
121.47195 31.078526
121.471976 31.078523
121.47196 31.078526
121.471975 31.078526
121.472 31.078538
121.47198 31.078556
121.47193 31.078575
121.47192 31.078565
121.471941 31.078551
121.471938 31.07856
121.471966 31.078526
121.471975 31.078546
121.471953 31.07854
121.471948 31.078548
121.471961 31.078553
121.471993 31.078573
121.471996 31.078566
121.472001 31.078565
121.471961 31.078548
121.471963 31.078541
121.471951 31.078543
121.471961 31.07855
121.471948 31.07855
121.47195 31.078551
121.471971 31.078575
121.471971 31.078568
121.472003 31.07857
121.472 31.078583
121.471986 31.078573
121.471991 31.078586
121.47199 31.078588
121.471986 31.078583
121.471981 31.078576
121.471991 31.078573
121.471988 31.078571
121.471983 31.078583
121.471986 31.07859
121.471965 31.078561
121.471961 31.078561
121.47198 31.07858
121.47199 31.078576
121.471988 31.078593
121.471985 31.078591
121.471993 31.078601
121.471975 31.078593
121.471983 31.07857
121.471966 31.078575
121.471965 31.078596
121.471958 31.078596
121.47196 31.078605
121.471975 31.078596
121.471956 31.078591
121.471971 31.078595
121.471995 31.078581
121.471958 31.078583
121.471945 31.07857
121.471976 31.078571
121.471988 31.078578
121.47199 31.078603
121.471975 31.078615
121.471973 31.078593
121.471978 31.078591
121.47198 31.078583
121.471993 31.078593
121.471976 31.078573
121.471961 31.078575
121.471976 31.078563
121.471998 31.078553
121.472003 31.078561
121.472015 31.078578
121.472005 31.07856
121.47201 31.078555
121.471991 31.07857
121.471978 31.078563
121.472005 31.078568
121.471978 31.07856
121.471988 31.07857
121.471985 31.078553
121.471991 31.078548
121.471978 31.078548
121.471983 31.078545
121.471998 31.078531
121.471993 31.078546
121.471975 31.078546
121.471966 31.078556
121.471981 31.078553
121.471985 31.078576
121.471981 31.078573
121.471978 31.078556
121.471975 31.078575
121.47198 31.078576
121.471988 31.078573
121.471996 31.078566
121.471996 31.078566
121.471971 31.07857
121.471971 31.078568
121.471976 31.078566
121.471973 31.078561
121.471978 31.078565
121.471996 31.078566
121.471995 31.078563
121.471991 31.078563
121.471985 31.07856
121.471973 31.078556
121.471966 31.078561
121.472013 31.078571
121.471998 31.078581
121.471993 31.078576
121.472001 31.078581
121.472011 31.078593
121.47197 31.07856
121.471966 31.07856
121.471971 31.078565
121.471973 31.078541
121.471993 31.078545
121.471993 31.078551
121.471983 31.07854
121.471998 31.078553
121.471991 31.078561
121.471995 31.07857
121.471988 31.078573
121.471956 31.078586
121.471973 31.078573
121.471975 31.078565
121.471953 31.078576
121.47196 31.07858
121.47195 31.078581
121.471956 31.078575
121.471956 31.078581
121.471971 31.078565
121.471968 31.078581
121.471973 31.078576
121.471963 31.078568
121.471956 31.078573
121.471978 31.078571
121.471963 31.078573
121.471993 31.078568
121.47197 31.078565
121.471978 31.078565
121.471971 31.078548
121.471976 31.078561
121.471981 31.078583
121.471961 31.078586
121.471976 31.078585
121.471961 31.078585
121.471965 31.078575
121.471956 31.078551
121.471971 31.07857
121.471973 31.078571
121.471976 31.078568
121.471971 31.078556
121.471961 31.078565
121.471968 31.07857
121.471971 31.07857
121.471976 31.078571
121.471961 31.078535
121.471955 31.078558
121.471955 31.078551
121.471938 31.078548
121.471936 31.078533
121.471936 31.078551
121.471945 31.078541
121.47194 31.078535
121.471926 31.078545
121.47196 31.078558
121.471951 31.078556
121.471928 31.078546
121.471948 31.078555
121.471961 31.07857
121.471968 31.078571
121.47196 31.07856
121.471958 31.078563
121.471948 31.078553
121.471948 31.078568
121.471946 31.078545
121.47196 31.078558
121.47196 31.078558
121.471925 31.078553
121.47194 31.07856
121.471928 31.07857
121.471953 31.07857
121.471923 31.078568
121.471943 31.07855
121.471946 31.078548
121.471945 31.07854
121.471945 31.078553
121.471955 31.078555
121.471941 31.078563
121.471958 31.078566
121.47195 31.078533
121.471945 31.078531
121.471951 31.07855
121.471948 31.078546
121.471928 31.078536
121.471966 31.078565
121.471945 31.07855
121.47194 31.078548
121.471956 31.078541
121.471955 31.078571
121.471973 31.078578
121.471975 31.078566
121.47197 31.078585
121.471978 31.078571
121.471968 31.078573
121.47198 31.078575
121.471961 31.078558
121.471966 31.078565
121.471948 31.078576
121.471968 31.078588
121.471973 31.07857
121.471966 31.078563
121.471965 31.078576
121.471961 31.078576
121.471978 31.078558
121.471963 31.078575
121.471963 31.078571
121.471955 31.07857
121.471956 31.07857
121.471971 31.078588
121.47197 31.078593
121.471961 31.078586
121.471966 31.078573
121.471966 31.078568
121.471988 31.07859
121.471993 31.07859
121.471988 31.078586
121.471986 31.07859
121.471976 31.078591
121.471976 31.078595
121.471978 31.07858
121.471988 31.078593
121.471971 31.078593
121.47198 31.078585
121.471975 31.078585
121.471988 31.07857
121.471991 31.078561
121.47198 31.078561
121.471993 31.078546
121.471965 31.078571
121.471981 31.078583
121.471955 31.078573
121.47197 31.078588
121.471981 31.078568
121.471958 31.078575
121.471965 31.078573
121.471973 31.078583
121.471973 31.078583
121.471963 31.07858
121.47196 31.078566
121.47196 31.07858
121.471975 31.07859
121.471975 31.078588
121.471988 31.0786
121.47196 31.078586
121.471955 31.078578
121.471961 31.078578
121.471938 31.078568
121.471965 31.07859
121.471963 31.078585
121.471973 31.078598
121.471976 31.078605
121.471968 31.078605
121.471998 31.078596
121.471956 31.07858
121.471978 31.078595
121.471975 31.078611
121.471983 31.078595
121.471998 31.078596
121.472 31.0786
121.472015 31.078593
121.472008 31.078593
121.472001 31.078595
121.471993 31.078595
121.471986 31.078601
121.47198 31.078605
121.47199 31.07859
121.471978 31.078586
121.471981 31.078561
121.471978 31.07857
121.471968 31.078565
121.471981 31.078573
121.471995 31.07859
121.471998 31.078596
121.471998 31.078586
121.471986 31.078603
121.471983 31.078585
121.471983 31.078585
121.471961 31.07858
121.471948 31.078573
121.47195 31.078593
121.471936 31.078563
121.471936 31.078546
121.471941 31.078545
121.471961 31.078543
121.471956 31.078551
121.47194 31.07853
121.471958 31.078571
121.471941 31.078543
121.471958 31.078546
121.471938 31.07855
121.471955 31.0786
121.471951 31.078593
121.471936 31.078575
121.47192 31.078576
121.47193 31.07856
121.47194 31.078568
121.471948 31.078563
121.471938 31.078556
121.471936 31.078581
121.471923 31.078571
121.471913 31.078568
121.471911 31.078576
121.471913 31.078563
121.471923 31.07857
121.471923 31.078556
121.471948 31.078548
121.47192 31.078538
121.471916 31.078561
121.471945 31.078561
121.471938 31.078536
121.471938 31.078535
121.471926 31.078555
121.471928 31.078536
121.47193 31.078528
121.471925 31.078538
121.471943 31.078523
121.471963 31.078558
121.471928 31.078561
121.471931 31.078536
121.471928 31.078546
121.471961 31.078525
121.471956 31.078525
121.47193 31.07855
121.471935 31.078546
121.471938 31.078553
121.471935 31.078533
121.471938 31.078536
121.471938 31.078543
121.47194 31.078531
121.471945 31.078538
121.471938 31.078541
121.471963 31.078543
121.471938 31.078538
121.471936 31.07855
121.471961 31.078546
121.471955 31.078533
121.471958 31.07853
121.471948 31.078533
121.471953 31.07855
121.471956 31.078535
121.471966 31.078538
121.471948 31.078533
121.471971 31.078548
121.47196 31.078545
121.471971 31.078543
121.471975 31.078536
121.471961 31.078553
121.471951 31.078545
