120.66655 31.992966
120.66655 31.992966
120.666558 31.992965
120.66655 31.992933
120.66655 31.992883
120.66655 31.992866
120.66655 31.992828
120.66655 31.992833
120.666546 31.992835
120.666533 31.992833
120.666516 31.992816
120.666483 31.9928
120.666483 31.9928
120.6665 31.9928
120.666516 31.9928
120.666516 31.9928
120.666533 31.9928
120.666533 31.992816
120.666533 31.9928
120.666538 31.99282
120.666548 31.992831
120.666533 31.992816
120.666538 31.992848
120.666533 31.99285
120.666533 31.992833
120.666533 31.992833
120.666533 31.992816
120.666533 31.99282
120.666533 31.9928
120.666533 31.9928
120.66655 31.9928
120.66655 31.992816
120.666566 31.992816
120.66656 31.992823
120.666566 31.992816
120.66655 31.992816
120.66656 31.99283
120.66655 31.992816
120.66655 31.992833
120.666566 31.992833
120.666566 31.992833
120.666566 31.992838
120.666568 31.99284
120.666566 31.992833
120.666566 31.992833
120.666566 31.992833
120.666566 31.992833
120.666566 31.992833
120.666566 31.992833
120.666571 31.99284
120.666571 31.99284
120.666571 31.99284
120.666566 31.992833
120.666566 31.992833
120.666571 31.99284
120.666566 31.992833
120.666573 31.992845
120.666566 31.992833
120.666575 31.992848
120.666566 31.992833
120.666566 31.992833
120.666578 31.992848
120.66658 31.992848
120.666566 31.992833
120.66658 31.992848
120.666566 31.992833
120.666566 31.992833
120.666566 31.992833
120.666566 31.99285
120.666566 31.99285
120.666566 31.99285
120.666566 31.99285
120.666578 31.99285
120.666566 31.99285
120.666566 31.99285
120.666578 31.99285
120.666566 31.992833
120.666578 31.992848
120.666578 31.992848
120.666566 31.992833
120.66658 31.992848
120.666566 31.992833
120.666583 31.992833
120.666586 31.992846
120.666583 31.992833
120.666583 31.992833
120.666586 31.99285
120.666583 31.99285
120.666586 31.992848
120.666586 31.99285
120.666583 31.992833
120.66655 31.992966
120.66655 31.992966
120.666558 31.992965
120.66655 31.992933
120.66655 31.992883
120.66655 31.992866
120.66655 31.992828
120.66655 31.992833
120.666546 31.992835
120.666533 31.992833
120.666516 31.992816
120.666483 31.9928
120.666483 31.9928
120.6665 31.9928
120.666516 31.9928
120.666516 31.9928
120.666533 31.9928
120.666533 31.992816
120.666533 31.9928
120.666538 31.99282
120.666548 31.992831
120.666533 31.992816
120.666538 31.992848
120.666533 31.99285
120.666533 31.992833
120.666533 31.992833
120.666533 31.992816
120.666533 31.99282
120.666533 31.9928
120.666533 31.9928
120.66655 31.9928
120.66655 31.992816
120.666566 31.992816
120.66656 31.992823
120.666566 31.992816
120.66655 31.992816
120.66656 31.99283
120.66655 31.992816
120.66655 31.992833
120.666566 31.992833
120.666566 31.992833
120.666566 31.992838
120.666568 31.99284
120.666566 31.992833
120.666566 31.992833
120.666566 31.992833
120.666566 31.992833
120.666566 31.992833
120.666566 31.992833
120.666571 31.99284
120.666571 31.99284
120.666571 31.99284
120.666566 31.992833
120.666566 31.992833
120.666571 31.99284
120.666566 31.992833
120.666573 31.992845
120.666566 31.992833
120.666575 31.992848
120.666566 31.992833
120.666566 31.992833
120.666578 31.992848
120.66658 31.992848
120.666566 31.992833
120.66658 31.992848
120.666566 31.992833
120.666566 31.992833
120.666566 31.992833
120.666566 31.99285
120.666566 31.99285
120.666566 31.99285
120.666566 31.99285
120.666578 31.99285
120.666566 31.99285
120.666566 31.99285
120.666578 31.99285
120.666566 31.992833
120.666578 31.992848
120.666578 31.992848
120.666566 31.992833
120.66658 31.992848
120.666566 31.992833
120.666583 31.992833
120.666586 31.992846
120.666583 31.992833
120.666583 31.992833
120.666586 31.99285
120.666583 31.99285
120.666586 31.992848
120.666586 31.99285
120.666583 31.992833
