121.456131 31.10944
121.456131 31.109448
121.456158 31.109468
121.456155 31.10946
121.456141 31.109458
121.45614 31.109461
121.456125 31.109456
121.456116 31.109453
121.456133 31.109468
121.456128 31.109465
121.456126 31.109463
121.456133 31.109468
121.456145 31.109478
121.456145 31.109478
121.456136 31.109478
121.456141 31.109463
121.456146 31.109465
121.456143 31.109466
121.45613 31.109471
121.456145 31.10945
121.456141 31.109455
121.456135 31.109465
121.456135 31.109485
121.456146 31.10948
121.456158 31.109465
121.456146 31.109486
121.456148 31.109485
121.456146 31.109486
121.45615 31.109491
121.456146 31.109488
121.45614 31.109485
121.456141 31.109486
121.456153 31.109476
121.45616 31.109473
121.456156 31.109481
121.456155 31.109478
121.456156 31.109465
121.456166 31.109466
121.456145 31.109451
121.456143 31.109443
121.456201 31.109465
121.456151 31.109448
121.456141 31.109443
121.456138 31.109431
121.456141 31.109428
121.456143 31.10943
121.456141 31.109436
121.456183 31.109463
121.456181 31.109465
121.456168 31.109468
121.456148 31.10946
121.456151 31.109465
121.456156 31.109468
121.456161 31.109471
121.456163 31.10947
121.456188 31.109488
121.456163 31.109463
121.45614 31.10944
121.456151 31.109431
121.456126 31.109405
121.45614 31.109421
121.456143 31.109431
121.45615 31.109443
121.456151 31.109455
121.456151 31.109471
121.456123 31.109503
121.456115 31.109476
121.456121 31.109471
121.456133 31.109475
121.456136 31.109463
121.456136 31.109463
121.456125 31.10945
121.456126 31.109448
121.45613 31.10945
121.456123 31.109443
121.456118 31.109443
121.456116 31.10945
121.45612 31.109448
121.456123 31.109453
121.456133 31.109455
121.456136 31.109456
121.45615 31.109471
121.456151 31.10947
121.456135 31.109468
121.456128 31.109468
121.45613 31.109468
121.456128 31.109471
121.456136 31.109475
121.456125 31.109475
121.45614 31.109471
121.456135 31.10947
121.45613 31.10947
121.456156 31.109481
121.456153 31.10948
121.45615 31.109475
121.456145 31.109475
121.456128 31.10947
121.456126 31.109471
121.456136 31.10947
121.456118 31.109463
121.456125 31.10946
121.456126 31.109468
121.456133 31.10946
121.456113 31.109473
121.45613 31.109476
121.456151 31.109468
121.456141 31.109468
121.456143 31.109465
121.456155 31.109475
121.456141 31.10947
121.45614 31.109468
121.456141 31.109473
121.456146 31.109468
121.456143 31.109471
121.456131 31.10948
121.456133 31.10948
121.456145 31.109476
121.456118 31.109495
121.456116 31.109501
121.456128 31.109498
121.456141 31.109505
121.45613 31.109508
121.456116 31.109495
121.456121 31.1095
121.456113 31.109495
121.45612 31.10949
121.456116 31.109483
121.456115 31.109461
121.456095 31.109463
121.45609 31.109476
121.456081 31.109478
121.456091 31.109476
121.456085 31.109483
121.456095 31.109483
121.45611 31.109471
121.456123 31.10947
121.45615 31.109465
121.456146 31.10947
121.456121 31.109471
121.456138 31.109475
121.45614 31.109463
121.456131 31.109455
121.456118 31.10945
121.45612 31.10946
121.456121 31.109463
121.45613 31.10947
121.456146 31.109458
121.456151 31.109468
121.45615 31.109475
121.456141 31.109473
121.456138 31.10948
121.456145 31.10947
121.456141 31.109465
121.456146 31.109466
121.456136 31.109481
121.456123 31.10948
121.45613 31.109465
121.456143 31.109461
121.456138 31.109458
121.456136 31.109461
121.456125 31.109461
121.456131 31.10946
121.456126 31.109483
121.456125 31.109486
121.456123 31.109486
121.45611 31.109473
121.456098 31.109463
121.45611 31.109481
121.456118 31.109478
121.456116 31.109481
121.456116 31.109481
121.456125 31.10948
121.456128 31.10948
121.456126 31.109481
121.456123 31.109483
121.456116 31.109473
121.456111 31.109475
121.456121 31.109471
121.45613 31.109471
121.45613 31.109473
121.456115 31.109476
121.456135 31.109475
121.45611 31.109485
121.456105 31.109493
121.456095 31.109503
121.456071 31.109511
121.45608 31.109501
121.456068 31.109508
121.456093 31.109495
121.4561 31.10949
121.456101 31.109491
121.456096 31.109491
121.456126 31.109463
121.456145 31.109461
121.456133 31.109463
121.456121 31.109485
121.456111 31.109491
121.456131 31.109473
121.456138 31.10949
121.456131 31.109476
121.45614 31.109471
121.456135 31.109478
121.456153 31.10947
121.45617 31.109478
121.456175 31.109476
121.456171 31.109473
121.456156 31.109478
121.456178 31.10947
121.456143 31.109481
121.456155 31.109493
121.456136 31.109543
121.456141 31.109561
121.45614 31.109553
121.456146 31.109538
121.456131 31.109543
121.456145 31.109538
121.456135 31.109493
121.456133 31.109486
121.456133 31.109488
121.45614 31.109485
121.45615 31.10948
121.456148 31.109481
121.456148 31.109481
121.456155 31.109481
121.456126 31.10948
121.456125 31.109483
121.456133 31.109466
121.456133 31.109473
121.456115 31.109481
121.456145 31.109466
121.456138 31.109468
121.456131 31.109475
121.456128 31.109478
121.456158 31.109463
121.45616 31.109468
121.456146 31.109481
121.456145 31.109483
121.456141 31.109476
121.456148 31.10947
121.456153 31.109473
121.45615 31.109493
121.45615 31.109471
121.456146 31.109476
121.456151 31.109476
121.45615 31.109491
121.456155 31.109485
121.456148 31.109485
121.456155 31.109488
121.45615 31.109488
121.456153 31.109456
121.456158 31.109465
121.456155 31.109475
121.456156 31.109486
121.456166 31.109458
121.456163 31.109423
121.456165 31.109421
121.456156 31.109463
121.456181 31.109456
121.456165 31.109506
121.456158 31.109505
121.456171 31.109471
121.456123 31.109518
121.456131 31.109518
121.45615 31.109448
121.456148 31.10945
121.456121 31.10944
121.456121 31.10943
121.45611 31.109433
121.45611 31.109441
121.456101 31.10946
121.456098 31.109456
121.456126 31.109453
121.45616 31.109443
121.456161 31.109461
121.45615 31.109461
121.456158 31.109476
121.456161 31.109476
121.456126 31.109445
121.45618 31.109426
121.456183 31.109428
121.456178 31.109435
121.456158 31.109455
121.456113 31.109451
121.456111 31.10947
121.456121 31.109475
121.456128 31.109471
121.456133 31.109468
121.456141 31.109445
121.45609 31.109473
121.456098 31.109471
121.456085 31.109486
121.456075 31.109483
121.456061 31.109486
121.45606 31.109466
121.456075 31.109473
121.456088 31.109445
121.456101 31.109435
121.45607 31.109406
121.456076 31.10942
121.456095 31.109448
121.456095 31.109443
121.45608 31.109443
121.456083 31.109423
121.45606 31.109425
121.45609 31.109463
121.456103 31.109463
121.45608 31.109465
121.456088 31.109463
121.456098 31.109466
121.456156 31.109433
121.456106 31.109451
121.456155 31.109455
121.45609 31.10943
121.456086 31.109435
121.456103 31.109435
121.456078 31.109431
121.456138 31.109463
121.456108 31.109453
121.456086 31.109428
121.456073 31.109428
121.456223 31.110065
121.456216 31.110078
121.456183 31.11006
121.45621 31.11004
121.456216 31.110063
121.456278 31.110041
121.456238 31.11001
121.456296 31.110055
121.4563 31.110056
121.45631 31.11004
121.456275 31.11005
121.456255 31.110046
121.45624 31.110048
121.45623 31.110053
121.456243 31.11004
121.456268 31.110033
121.456221 31.110003
121.45625 31.110051
121.456246 31.110061
121.456228 31.110033
121.456236 31.110031
121.456243 31.11006
121.456213 31.110045
121.456216 31.110041
121.456221 31.11001
121.456233 31.110028
121.456218 31.11002
121.456223 31.110018
121.456235 31.110015
121.456231 31.110006
121.456253 31.110003
121.456256 31.110025
121.456238 31.110038
121.456251 31.110045
121.456246 31.110056
121.456253 31.110056
121.456246 31.110043
121.456248 31.110043
121.456203 31.110036
121.456208 31.110066
121.456205 31.110031
121.456221 31.110036
121.456206 31.110043
121.456148 31.110065
121.456108 31.110065
121.456098 31.110088
121.456213 31.110035
121.45621 31.110033
121.456221 31.110033
121.456225 31.110031
121.456223 31.11003
121.456211 31.110018
121.456185 31.110025
121.456173 31.110033
121.456185 31.110038
121.456198 31.110035
121.456201 31.11003
121.456181 31.110045
121.456216 31.110046
121.456263 31.11006
121.456231 31.110076
121.456258 31.110093
121.456216 31.11006
121.456211 31.11005
121.456223 31.110068
121.456271 31.110021
121.456275 31.11002
121.456243 31.110028
121.45626 31.110055
121.45622 31.110058
121.456213 31.110053
121.456208 31.110065
121.456191 31.110078
121.456221 31.110071
121.456261 31.110053
121.456255 31.110051
121.456205 31.110073
121.456111 31.110123
121.456108 31.11013
121.456078 31.110141
121.456075 31.110146
121.456103 31.110133
121.456175 31.110076
121.456228 31.110043
121.456236 31.110036
121.456225 31.110043
121.456231 31.110036
121.456256 31.11002
121.456198 31.110063
121.456186 31.110073
121.456186 31.110068
121.456191 31.110073
121.4562 31.110073
121.456225 31.110056
121.45624 31.110033
121.456233 31.110043
121.456215 31.110063
121.456205 31.110058
121.456198 31.110053
121.45623 31.110043
121.456235 31.110041
121.456236 31.110036
121.456246 31.110036
121.456248 31.110043
121.456251 31.110055
121.456253 31.110068
121.456261 31.11007
121.456288 31.110053
121.456316 31.11004
121.45633 31.110031
121.456318 31.110031
121.456306 31.110038
121.4563 31.110043
121.456295 31.110055
121.456295 31.110061
121.456296 31.11007
121.456295 31.110071
121.456296 31.110071
121.456305 31.110071
121.456308 31.110066
121.456308 31.11007
121.456301 31.110068
121.456255 31.110061
121.456263 31.110051
121.45626 31.110048
121.456231 31.11005
121.456213 31.110055
121.456216 31.110058
121.456216 31.110071
121.456225 31.110053
121.45622 31.110033
121.45623 31.110033
121.456228 31.110036
121.456233 31.110038
121.456236 31.110038
121.456248 31.110036
121.45625 31.11003
121.456251 31.110025
121.456258 31.110026
121.45626 31.11002
121.45626 31.11002
121.45627 31.110033
121.456276 31.110035
121.456281 31.110036
121.456288 31.110038
121.45629 31.11004
121.456296 31.110033
121.456311 31.110025
121.456316 31.110026
121.45634 31.110035
121.456341 31.110043
121.456345 31.110048
121.456311 31.110073
121.456303 31.110076
121.456298 31.110078
121.456293 31.110076
121.456286 31.110068
121.456298 31.110045
121.456298 31.110053
121.45627 31.110071
121.456256 31.110108
121.456246 31.110113
121.456233 31.11005
121.456226 31.110025
121.456228 31.110035
121.456265 31.110028
121.456265 31.110011
121.456273 31.110023
121.456263 31.110015
121.45626 31.110001
121.456251 31.110005
121.456248 31.110071
121.456251 31.110075
121.456258 31.11007
121.456273 31.110066
121.456265 31.11007
121.456263 31.110075
121.456271 31.110061
121.456266 31.110056
121.456258 31.110053
121.45624 31.110038
121.456243 31.110025
121.456248 31.110021
121.456243 31.110043
121.456248 31.110073
121.456265 31.110078
121.456266 31.110088
121.456273 31.110076
121.456271 31.11008
121.456255 31.110068
121.456258 31.110061
121.456268 31.11004
121.456256 31.110083
121.456276 31.110058
121.456263 31.11007
121.456258 31.11005
121.456275 31.110053
121.456243 31.110043
121.456306 31.110036
121.456303 31.11003
121.456296 31.110021
121.456315 31.109978
121.456288 31.110091
121.4563 31.11005
121.456303 31.110091
121.456296 31.110078
121.456293 31.110065
121.456223 31.110158
121.456218 31.110163
121.456216 31.110153
121.45622 31.110136
121.45622 31.110098
121.456216 31.110095
121.456206 31.110093
121.456213 31.110073
121.456208 31.110066
121.456175 31.110025
121.456246 31.110111
121.456253 31.110161
121.456258 31.110113
121.456258 31.110085
121.456248 31.110166
121.456241 31.11012
121.456238 31.110076
121.456238 31.110073
121.456241 31.110085
121.45624 31.110105
121.456228 31.110118
121.456218 31.11013
121.456218 31.110096
121.456226 31.11012
121.456233 31.110125
121.456253 31.110085
121.456191 31.11016
121.456245 31.110048
121.456221 31.110075
121.456245 31.110043
121.456241 31.110028
121.45624 31.11004
121.456221 31.110031
121.456216 31.110036
121.456231 31.110055
121.456235 31.110038
121.456235 31.110038
121.456235 31.11004
121.456216 31.110056
121.456215 31.110063
121.456225 31.11005
121.456215 31.110048
121.456215 31.11005
121.456196 31.110051
121.456235 31.110046
121.456231 31.110046
121.45623 31.11004
121.456221 31.11007
121.456268 31.110045
121.456258 31.110046
121.456216 31.110048
121.45622 31.110028
121.456228 31.110021
121.45626 31.110038
121.45626 31.11004
121.456255 31.110013
121.456195 31.11002
121.456215 31.110033
121.456216 31.11004
121.456213 31.110045
121.456203 31.11006
121.456208 31.11005
121.456211 31.110043
121.456205 31.110035
121.4562 31.110031
121.456275 31.110018
121.45625 31.110021
121.45623 31.110063
121.456228 31.110063
121.456233 31.110061
121.456228 31.110061
121.45624 31.110091
121.456211 31.110056
121.456131 31.10944
121.456131 31.109448
121.456158 31.109468
121.456155 31.10946
121.456141 31.109458
121.45614 31.109461
121.456125 31.109456
121.456116 31.109453
121.456133 31.109468
121.456128 31.109465
121.456126 31.109463
121.456133 31.109468
121.456145 31.109478
121.456145 31.109478
121.456136 31.109478
121.456141 31.109463
121.456146 31.109465
121.456143 31.109466
121.45613 31.109471
121.456145 31.10945
121.456141 31.109455
121.456135 31.109465
121.456135 31.109485
121.456146 31.10948
121.456158 31.109465
121.456146 31.109486
121.456148 31.109485
121.456146 31.109486
121.45615 31.109491
121.456146 31.109488
121.45614 31.109485
121.456141 31.109486
121.456153 31.109476
121.45616 31.109473
121.456156 31.109481
121.456155 31.109478
121.456156 31.109465
121.456166 31.109466
121.456145 31.109451
121.456143 31.109443
121.456201 31.109465
121.456151 31.109448
121.456141 31.109443
121.456138 31.109431
121.456141 31.109428
121.456143 31.10943
121.456141 31.109436
121.456183 31.109463
121.456181 31.109465
121.456168 31.109468
121.456148 31.10946
121.456151 31.109465
121.456156 31.109468
121.456161 31.109471
121.456163 31.10947
121.456188 31.109488
121.456163 31.109463
121.45614 31.10944
121.456151 31.109431
121.456126 31.109405
121.45614 31.109421
121.456143 31.109431
121.45615 31.109443
121.456151 31.109455
121.456151 31.109471
121.456123 31.109503
121.456115 31.109476
121.456121 31.109471
121.456133 31.109475
121.456136 31.109463
121.456136 31.109463
121.456125 31.10945
121.456126 31.109448
121.45613 31.10945
121.456123 31.109443
121.456118 31.109443
121.456116 31.10945
121.45612 31.109448
121.456123 31.109453
121.456133 31.109455
121.456136 31.109456
121.45615 31.109471
121.456151 31.10947
121.456135 31.109468
121.456128 31.109468
121.45613 31.109468
121.456128 31.109471
121.456136 31.109475
121.456125 31.109475
121.45614 31.109471
121.456135 31.10947
121.45613 31.10947
121.456156 31.109481
121.456153 31.10948
121.45615 31.109475
121.456145 31.109475
121.456128 31.10947
121.456126 31.109471
121.456136 31.10947
121.456118 31.109463
121.456125 31.10946
121.456126 31.109468
121.456133 31.10946
121.456113 31.109473
121.45613 31.109476
121.456151 31.109468
121.456141 31.109468
121.456143 31.109465
121.456155 31.109475
121.456141 31.10947
121.45614 31.109468
121.456141 31.109473
121.456146 31.109468
121.456143 31.109471
121.456131 31.10948
121.456133 31.10948
121.456145 31.109476
121.456118 31.109495
121.456116 31.109501
121.456128 31.109498
121.456141 31.109505
121.45613 31.109508
121.456116 31.109495
121.456121 31.1095
121.456113 31.109495
121.45612 31.10949
121.456116 31.109483
121.456115 31.109461
121.456095 31.109463
121.45609 31.109476
121.456081 31.109478
121.456091 31.109476
121.456085 31.109483
121.456095 31.109483
121.45611 31.109471
121.456123 31.10947
121.45615 31.109465
121.456146 31.10947
121.456121 31.109471
121.456138 31.109475
121.45614 31.109463
121.456131 31.109455
121.456118 31.10945
121.45612 31.10946
121.456121 31.109463
121.45613 31.10947
121.456146 31.109458
121.456151 31.109468
121.45615 31.109475
121.456141 31.109473
121.456138 31.10948
121.456145 31.10947
121.456141 31.109465
121.456146 31.109466
121.456136 31.109481
121.456123 31.10948
121.45613 31.109465
121.456143 31.109461
121.456138 31.109458
121.456136 31.109461
121.456125 31.109461
121.456131 31.10946
121.456126 31.109483
121.456125 31.109486
121.456123 31.109486
121.45611 31.109473
121.456098 31.109463
121.45611 31.109481
121.456118 31.109478
121.456116 31.109481
121.456116 31.109481
121.456125 31.10948
121.456128 31.10948
121.456126 31.109481
121.456123 31.109483
121.456116 31.109473
121.456111 31.109475
121.456121 31.109471
121.45613 31.109471
121.45613 31.109473
121.456115 31.109476
121.456135 31.109475
121.45611 31.109485
121.456105 31.109493
121.456095 31.109503
121.456071 31.109511
121.45608 31.109501
121.456068 31.109508
121.456093 31.109495
121.4561 31.10949
121.456101 31.109491
121.456096 31.109491
121.456126 31.109463
121.456145 31.109461
121.456133 31.109463
121.456121 31.109485
121.456111 31.109491
121.456131 31.109473
121.456138 31.10949
121.456131 31.109476
121.45614 31.109471
121.456135 31.109478
121.456153 31.10947
121.45617 31.109478
121.456175 31.109476
121.456171 31.109473
121.456156 31.109478
121.456178 31.10947
121.456143 31.109481
121.456155 31.109493
121.456136 31.109543
121.456141 31.109561
121.45614 31.109553
121.456146 31.109538
121.456131 31.109543
121.456145 31.109538
121.456135 31.109493
121.456133 31.109486
121.456133 31.109488
121.45614 31.109485
121.45615 31.10948
121.456148 31.109481
121.456148 31.109481
121.456155 31.109481
121.456126 31.10948
121.456125 31.109483
121.456133 31.109466
121.456133 31.109473
121.456115 31.109481
121.456145 31.109466
121.456138 31.109468
121.456131 31.109475
121.456128 31.109478
121.456158 31.109463
121.45616 31.109468
121.456146 31.109481
121.456145 31.109483
121.456141 31.109476
121.456148 31.10947
121.456153 31.109473
121.45615 31.109493
121.45615 31.109471
121.456146 31.109476
121.456151 31.109476
121.45615 31.109491
121.456155 31.109485
121.456148 31.109485
121.456155 31.109488
121.45615 31.109488
121.456153 31.109456
121.456158 31.109465
121.456155 31.109475
121.456156 31.109486
121.456166 31.109458
121.456163 31.109423
121.456165 31.109421
121.456156 31.109463
121.456181 31.109456
121.456165 31.109506
121.456158 31.109505
121.456171 31.109471
121.456123 31.109518
121.456131 31.109518
121.45615 31.109448
121.456148 31.10945
121.456121 31.10944
121.456121 31.10943
121.45611 31.109433
121.45611 31.109441
121.456101 31.10946
121.456098 31.109456
121.456126 31.109453
121.45616 31.109443
121.456161 31.109461
121.45615 31.109461
121.456158 31.109476
121.456161 31.109476
121.456126 31.109445
121.45618 31.109426
121.456183 31.109428
121.456178 31.109435
121.456158 31.109455
121.456113 31.109451
121.456111 31.10947
121.456121 31.109475
121.456128 31.109471
121.456133 31.109468
121.456141 31.109445
121.45609 31.109473
121.456098 31.109471
121.456085 31.109486
121.456075 31.109483
121.456061 31.109486
121.45606 31.109466
121.456075 31.109473
121.456088 31.109445
121.456101 31.109435
121.45607 31.109406
121.456076 31.10942
121.456095 31.109448
121.456095 31.109443
121.45608 31.109443
121.456083 31.109423
121.45606 31.109425
121.45609 31.109463
121.456103 31.109463
121.45608 31.109465
121.456088 31.109463
121.456098 31.109466
121.456156 31.109433
121.456106 31.109451
121.456155 31.109455
121.45609 31.10943
121.456086 31.109435
121.456103 31.109435
121.456078 31.109431
121.456138 31.109463
121.456108 31.109453
121.456086 31.109428
121.456073 31.109428
121.456223 31.110065
121.456216 31.110078
121.456183 31.11006
121.45621 31.11004
121.456216 31.110063
121.456278 31.110041
121.456238 31.11001
121.456296 31.110055
121.4563 31.110056
121.45631 31.11004
121.456275 31.11005
121.456255 31.110046
121.45624 31.110048
121.45623 31.110053
121.456243 31.11004
121.456268 31.110033
121.456221 31.110003
121.45625 31.110051
121.456246 31.110061
121.456228 31.110033
121.456236 31.110031
121.456243 31.11006
121.456213 31.110045
121.456216 31.110041
121.456221 31.11001
121.456233 31.110028
121.456218 31.11002
121.456223 31.110018
121.456235 31.110015
121.456231 31.110006
121.456253 31.110003
121.456256 31.110025
121.456238 31.110038
121.456251 31.110045
121.456246 31.110056
121.456253 31.110056
121.456246 31.110043
121.456248 31.110043
121.456203 31.110036
121.456208 31.110066
121.456205 31.110031
121.456221 31.110036
121.456206 31.110043
121.456148 31.110065
121.456108 31.110065
121.456098 31.110088
121.456213 31.110035
121.45621 31.110033
121.456221 31.110033
121.456225 31.110031
121.456223 31.11003
121.456211 31.110018
121.456185 31.110025
121.456173 31.110033
121.456185 31.110038
121.456198 31.110035
121.456201 31.11003
121.456181 31.110045
121.456216 31.110046
121.456263 31.11006
121.456231 31.110076
121.456258 31.110093
121.456216 31.11006
121.456211 31.11005
121.456223 31.110068
121.456271 31.110021
121.456275 31.11002
121.456243 31.110028
121.45626 31.110055
121.45622 31.110058
121.456213 31.110053
121.456208 31.110065
121.456191 31.110078
121.456221 31.110071
121.456261 31.110053
121.456255 31.110051
121.456205 31.110073
121.456111 31.110123
121.456108 31.11013
121.456078 31.110141
121.456075 31.110146
121.456103 31.110133
121.456175 31.110076
121.456228 31.110043
121.456236 31.110036
121.456225 31.110043
121.456231 31.110036
121.456256 31.11002
121.456198 31.110063
121.456186 31.110073
121.456186 31.110068
121.456191 31.110073
121.4562 31.110073
121.456225 31.110056
121.45624 31.110033
121.456233 31.110043
121.456215 31.110063
121.456205 31.110058
121.456198 31.110053
121.45623 31.110043
121.456235 31.110041
121.456236 31.110036
121.456246 31.110036
121.456248 31.110043
121.456251 31.110055
121.456253 31.110068
121.456261 31.11007
121.456288 31.110053
121.456316 31.11004
121.45633 31.110031
121.456318 31.110031
121.456306 31.110038
121.4563 31.110043
121.456295 31.110055
121.456295 31.110061
121.456296 31.11007
121.456295 31.110071
121.456296 31.110071
121.456305 31.110071
121.456308 31.110066
121.456308 31.11007
121.456301 31.110068
121.456255 31.110061
121.456263 31.110051
121.45626 31.110048
121.456231 31.11005
121.456213 31.110055
121.456216 31.110058
121.456216 31.110071
121.456225 31.110053
121.45622 31.110033
121.45623 31.110033
121.456228 31.110036
121.456233 31.110038
121.456236 31.110038
121.456248 31.110036
121.45625 31.11003
121.456251 31.110025
121.456258 31.110026
121.45626 31.11002
121.45626 31.11002
121.45627 31.110033
121.456276 31.110035
121.456281 31.110036
121.456288 31.110038
121.45629 31.11004
121.456296 31.110033
121.456311 31.110025
121.456316 31.110026
121.45634 31.110035
121.456341 31.110043
121.456345 31.110048
121.456311 31.110073
121.456303 31.110076
121.456298 31.110078
121.456293 31.110076
121.456286 31.110068
121.456298 31.110045
121.456298 31.110053
121.45627 31.110071
121.456256 31.110108
121.456246 31.110113
121.456233 31.11005
121.456226 31.110025
121.456228 31.110035
121.456265 31.110028
121.456265 31.110011
121.456273 31.110023
121.456263 31.110015
121.45626 31.110001
121.456251 31.110005
121.456248 31.110071
121.456251 31.110075
121.456258 31.11007
121.456273 31.110066
121.456265 31.11007
121.456263 31.110075
121.456271 31.110061
121.456266 31.110056
121.456258 31.110053
121.45624 31.110038
121.456243 31.110025
121.456248 31.110021
121.456243 31.110043
121.456248 31.110073
121.456265 31.110078
121.456266 31.110088
121.456273 31.110076
121.456271 31.11008
121.456255 31.110068
121.456258 31.110061
121.456268 31.11004
121.456256 31.110083
121.456276 31.110058
121.456263 31.11007
121.456258 31.11005
121.456275 31.110053
121.456243 31.110043
121.456306 31.110036
121.456303 31.11003
121.456296 31.110021
121.456315 31.109978
121.456288 31.110091
121.4563 31.11005
121.456303 31.110091
121.456296 31.110078
121.456293 31.110065
121.456223 31.110158
121.456218 31.110163
121.456216 31.110153
121.45622 31.110136
121.45622 31.110098
121.456216 31.110095
121.456206 31.110093
121.456213 31.110073
121.456208 31.110066
121.456175 31.110025
121.456246 31.110111
121.456253 31.110161
121.456258 31.110113
121.456258 31.110085
121.456248 31.110166
121.456241 31.11012
121.456238 31.110076
121.456238 31.110073
121.456241 31.110085
121.45624 31.110105
121.456228 31.110118
121.456218 31.11013
121.456218 31.110096
121.456226 31.11012
121.456233 31.110125
121.456253 31.110085
121.456191 31.11016
121.456245 31.110048
121.456221 31.110075
121.456245 31.110043
121.456241 31.110028
121.45624 31.11004
121.456221 31.110031
121.456216 31.110036
121.456231 31.110055
121.456235 31.110038
121.456235 31.110038
121.456235 31.11004
121.456216 31.110056
121.456215 31.110063
121.456225 31.11005
121.456215 31.110048
121.456215 31.11005
121.456196 31.110051
121.456235 31.110046
121.456231 31.110046
121.45623 31.11004
121.456221 31.11007
121.456268 31.110045
121.456258 31.110046
121.456216 31.110048
121.45622 31.110028
121.456228 31.110021
121.45626 31.110038
121.45626 31.11004
121.456255 31.110013
121.456195 31.11002
121.456215 31.110033
121.456216 31.11004
121.456213 31.110045
121.456203 31.11006
121.456208 31.11005
121.456211 31.110043
121.456205 31.110035
121.4562 31.110031
121.456275 31.110018
121.45625 31.110021
121.45623 31.110063
121.456228 31.110063
121.456233 31.110061
121.456228 31.110061
121.45624 31.110091
121.456211 31.110056
121.456131 31.10944
121.456131 31.109448
121.456158 31.109468
121.456155 31.10946
121.456141 31.109458
121.45614 31.109461
121.456125 31.109456
121.456116 31.109453
121.456133 31.109468
121.456128 31.109465
121.456126 31.109463
121.456133 31.109468
121.456145 31.109478
121.456145 31.109478
121.456136 31.109478
121.456141 31.109463
121.456146 31.109465
121.456143 31.109466
121.45613 31.109471
121.456145 31.10945
121.456141 31.109455
121.456135 31.109465
121.456135 31.109485
121.456146 31.10948
121.456158 31.109465
121.456146 31.109486
121.456148 31.109485
121.456146 31.109486
121.45615 31.109491
121.456146 31.109488
121.45614 31.109485
121.456141 31.109486
121.456153 31.109476
121.45616 31.109473
121.456156 31.109481
121.456155 31.109478
121.456156 31.109465
121.456166 31.109466
121.456145 31.109451
121.456143 31.109443
121.456201 31.109465
121.456151 31.109448
121.456141 31.109443
121.456138 31.109431
121.456141 31.109428
121.456143 31.10943
121.456141 31.109436
121.456183 31.109463
121.456181 31.109465
121.456168 31.109468
121.456148 31.10946
121.456151 31.109465
121.456156 31.109468
121.456161 31.109471
121.456163 31.10947
121.456188 31.109488
121.456163 31.109463
121.45614 31.10944
121.456151 31.109431
121.456126 31.109405
121.45614 31.109421
121.456143 31.109431
121.45615 31.109443
121.456151 31.109455
121.456151 31.109471
121.456123 31.109503
121.456115 31.109476
121.456121 31.109471
121.456133 31.109475
121.456136 31.109463
121.456136 31.109463
121.456125 31.10945
121.456126 31.109448
121.45613 31.10945
121.456123 31.109443
121.456118 31.109443
121.456116 31.10945
121.45612 31.109448
121.456123 31.109453
121.456133 31.109455
121.456136 31.109456
121.45615 31.109471
121.456151 31.10947
121.456135 31.109468
121.456128 31.109468
121.45613 31.109468
121.456128 31.109471
121.456136 31.109475
121.456125 31.109475
121.45614 31.109471
121.456135 31.10947
121.45613 31.10947
121.456156 31.109481
121.456153 31.10948
121.45615 31.109475
121.456145 31.109475
121.456128 31.10947
121.456126 31.109471
121.456136 31.10947
121.456118 31.109463
121.456125 31.10946
121.456126 31.109468
121.456133 31.10946
121.456113 31.109473
121.45613 31.109476
121.456151 31.109468
121.456141 31.109468
121.456143 31.109465
121.456155 31.109475
121.456141 31.10947
121.45614 31.109468
121.456141 31.109473
121.456146 31.109468
121.456143 31.109471
121.456131 31.10948
121.456133 31.10948
121.456145 31.109476
121.456118 31.109495
121.456116 31.109501
121.456128 31.109498
121.456141 31.109505
121.45613 31.109508
121.456116 31.109495
121.456121 31.1095
121.456113 31.109495
121.45612 31.10949
121.456116 31.109483
121.456115 31.109461
121.456095 31.109463
121.45609 31.109476
121.456081 31.109478
121.456091 31.109476
121.456085 31.109483
121.456095 31.109483
121.45611 31.109471
121.456123 31.10947
121.45615 31.109465
121.456146 31.10947
121.456121 31.109471
121.456138 31.109475
121.45614 31.109463
121.456131 31.109455
121.456118 31.10945
121.45612 31.10946
121.456121 31.109463
121.45613 31.10947
121.456146 31.109458
121.456151 31.109468
121.45615 31.109475
121.456141 31.109473
121.456138 31.10948
121.456145 31.10947
121.456141 31.109465
121.456146 31.109466
121.456136 31.109481
121.456123 31.10948
121.45613 31.109465
121.456143 31.109461
121.456138 31.109458
121.456136 31.109461
121.456125 31.109461
121.456131 31.10946
121.456126 31.109483
121.456125 31.109486
121.456123 31.109486
121.45611 31.109473
121.456098 31.109463
121.45611 31.109481
121.456118 31.109478
121.456116 31.109481
121.456116 31.109481
121.456125 31.10948
121.456128 31.10948
121.456126 31.109481
121.456123 31.109483
121.456116 31.109473
121.456111 31.109475
121.456121 31.109471
121.45613 31.109471
121.45613 31.109473
121.456115 31.109476
121.456135 31.109475
121.45611 31.109485
121.456105 31.109493
121.456095 31.109503
121.456071 31.109511
121.45608 31.109501
121.456068 31.109508
121.456093 31.109495
121.4561 31.10949
121.456101 31.109491
121.456096 31.109491
121.456126 31.109463
121.456145 31.109461
121.456133 31.109463
121.456121 31.109485
121.456111 31.109491
121.456131 31.109473
121.456138 31.10949
121.456131 31.109476
121.45614 31.109471
121.456135 31.109478
121.456153 31.10947
121.45617 31.109478
121.456175 31.109476
121.456171 31.109473
121.456156 31.109478
121.456178 31.10947
121.456143 31.109481
121.456155 31.109493
121.456136 31.109543
121.456141 31.109561
121.45614 31.109553
121.456146 31.109538
121.456131 31.109543
121.456145 31.109538
121.456135 31.109493
121.456133 31.109486
121.456133 31.109488
121.45614 31.109485
121.45615 31.10948
121.456148 31.109481
121.456148 31.109481
121.456155 31.109481
121.456126 31.10948
121.456125 31.109483
121.456133 31.109466
121.456133 31.109473
121.456115 31.109481
121.456145 31.109466
121.456138 31.109468
121.456131 31.109475
121.456128 31.109478
121.456158 31.109463
121.45616 31.109468
121.456146 31.109481
121.456145 31.109483
121.456141 31.109476
121.456148 31.10947
121.456153 31.109473
121.45615 31.109493
121.45615 31.109471
121.456146 31.109476
121.456151 31.109476
121.45615 31.109491
121.456155 31.109485
121.456148 31.109485
121.456155 31.109488
121.45615 31.109488
121.456153 31.109456
121.456158 31.109465
121.456155 31.109475
121.456156 31.109486
121.456166 31.109458
121.456163 31.109423
121.456165 31.109421
121.456156 31.109463
121.456181 31.109456
121.456165 31.109506
121.456158 31.109505
121.456171 31.109471
121.456123 31.109518
121.456131 31.109518
121.45615 31.109448
121.456148 31.10945
121.456121 31.10944
121.456121 31.10943
121.45611 31.109433
121.45611 31.109441
121.456101 31.10946
121.456098 31.109456
121.456126 31.109453
121.45616 31.109443
121.456161 31.109461
121.45615 31.109461
121.456158 31.109476
121.456161 31.109476
121.456126 31.109445
121.45618 31.109426
121.456183 31.109428
121.456178 31.109435
121.456158 31.109455
121.456113 31.109451
121.456111 31.10947
121.456121 31.109475
121.456128 31.109471
121.456133 31.109468
121.456141 31.109445
121.45609 31.109473
121.456098 31.109471
121.456085 31.109486
121.456075 31.109483
121.456061 31.109486
121.45606 31.109466
121.456075 31.109473
121.456088 31.109445
121.456101 31.109435
121.45607 31.109406
121.456076 31.10942
121.456095 31.109448
121.456095 31.109443
121.45608 31.109443
121.456083 31.109423
121.45606 31.109425
121.45609 31.109463
121.456103 31.109463
121.45608 31.109465
121.456088 31.109463
121.456098 31.109466
121.456156 31.109433
121.456106 31.109451
121.456155 31.109455
121.45609 31.10943
121.456086 31.109435
121.456103 31.109435
121.456078 31.109431
121.456138 31.109463
121.456108 31.109453
121.456086 31.109428
121.456073 31.109428
121.456223 31.110065
121.456216 31.110078
121.456183 31.11006
121.45621 31.11004
121.456216 31.110063
121.456278 31.110041
121.456238 31.11001
121.456296 31.110055
121.4563 31.110056
121.45631 31.11004
121.456275 31.11005
121.456255 31.110046
121.45624 31.110048
121.45623 31.110053
121.456243 31.11004
121.456268 31.110033
121.456221 31.110003
121.45625 31.110051
121.456246 31.110061
121.456228 31.110033
121.456236 31.110031
121.456243 31.11006
121.456213 31.110045
121.456216 31.110041
121.456221 31.11001
121.456233 31.110028
121.456218 31.11002
121.456223 31.110018
121.456235 31.110015
121.456231 31.110006
121.456253 31.110003
121.456256 31.110025
121.456238 31.110038
121.456251 31.110045
121.456246 31.110056
121.456253 31.110056
121.456246 31.110043
121.456248 31.110043
121.456203 31.110036
121.456208 31.110066
121.456205 31.110031
121.456221 31.110036
121.456206 31.110043
121.456148 31.110065
121.456108 31.110065
121.456098 31.110088
121.456213 31.110035
121.45621 31.110033
121.456221 31.110033
121.456225 31.110031
121.456223 31.11003
121.456211 31.110018
121.456185 31.110025
121.456173 31.110033
121.456185 31.110038
121.456198 31.110035
121.456201 31.11003
121.456181 31.110045
121.456216 31.110046
121.456263 31.11006
121.456231 31.110076
121.456258 31.110093
121.456216 31.11006
121.456211 31.11005
121.456223 31.110068
121.456271 31.110021
121.456275 31.11002
121.456243 31.110028
121.45626 31.110055
121.45622 31.110058
121.456213 31.110053
121.456208 31.110065
121.456191 31.110078
121.456221 31.110071
121.456261 31.110053
121.456255 31.110051
121.456205 31.110073
121.456111 31.110123
121.456108 31.11013
121.456078 31.110141
121.456075 31.110146
121.456103 31.110133
121.456175 31.110076
121.456228 31.110043
121.456236 31.110036
121.456225 31.110043
121.456231 31.110036
121.456256 31.11002
121.456198 31.110063
121.456186 31.110073
121.456186 31.110068
121.456191 31.110073
121.4562 31.110073
121.456225 31.110056
121.45624 31.110033
121.456233 31.110043
121.456215 31.110063
121.456205 31.110058
121.456198 31.110053
121.45623 31.110043
121.456235 31.110041
121.456236 31.110036
121.456246 31.110036
121.456248 31.110043
121.456251 31.110055
121.456253 31.110068
121.456261 31.11007
121.456288 31.110053
121.456316 31.11004
121.45633 31.110031
121.456318 31.110031
121.456306 31.110038
121.4563 31.110043
121.456295 31.110055
121.456295 31.110061
121.456296 31.11007
121.456295 31.110071
121.456296 31.110071
121.456305 31.110071
121.456308 31.110066
121.456308 31.11007
121.456301 31.110068
121.456255 31.110061
121.456263 31.110051
121.45626 31.110048
121.456231 31.11005
121.456213 31.110055
121.456216 31.110058
121.456216 31.110071
121.456225 31.110053
121.45622 31.110033
121.45623 31.110033
121.456228 31.110036
121.456233 31.110038
121.456236 31.110038
121.456248 31.110036
121.45625 31.11003
121.456251 31.110025
121.456258 31.110026
121.45626 31.11002
121.45626 31.11002
121.45627 31.110033
121.456276 31.110035
121.456281 31.110036
121.456288 31.110038
121.45629 31.11004
121.456296 31.110033
121.456311 31.110025
121.456316 31.110026
121.45634 31.110035
121.456341 31.110043
121.456345 31.110048
121.456311 31.110073
121.456303 31.110076
121.456298 31.110078
121.456293 31.110076
121.456286 31.110068
121.456298 31.110045
121.456298 31.110053
121.45627 31.110071
121.456256 31.110108
121.456246 31.110113
121.456233 31.11005
121.456226 31.110025
121.456228 31.110035
121.456265 31.110028
121.456265 31.110011
121.456273 31.110023
121.456263 31.110015
121.45626 31.110001
121.456251 31.110005
121.456248 31.110071
121.456251 31.110075
121.456258 31.11007
121.456273 31.110066
121.456265 31.11007
121.456263 31.110075
121.456271 31.110061
121.456266 31.110056
121.456258 31.110053
121.45624 31.110038
121.456243 31.110025
121.456248 31.110021
121.456243 31.110043
121.456248 31.110073
121.456265 31.110078
121.456266 31.110088
121.456273 31.110076
121.456271 31.11008
121.456255 31.110068
121.456258 31.110061
121.456268 31.11004
121.456256 31.110083
121.456276 31.110058
121.456263 31.11007
121.456258 31.11005
121.456275 31.110053
121.456243 31.110043
121.456306 31.110036
121.456303 31.11003
121.456296 31.110021
121.456315 31.109978
121.456288 31.110091
121.4563 31.11005
121.456303 31.110091
121.456296 31.110078
121.456293 31.110065
121.456223 31.110158
121.456218 31.110163
121.456216 31.110153
121.45622 31.110136
121.45622 31.110098
121.456216 31.110095
121.456206 31.110093
121.456213 31.110073
121.456208 31.110066
121.456175 31.110025
121.456246 31.110111
121.456253 31.110161
121.456258 31.110113
121.456258 31.110085
121.456248 31.110166
121.456241 31.11012
121.456238 31.110076
121.456238 31.110073
121.456241 31.110085
121.45624 31.110105
121.456228 31.110118
121.456218 31.11013
121.456218 31.110096
121.456226 31.11012
121.456233 31.110125
121.456253 31.110085
121.456191 31.11016
121.456245 31.110048
121.456221 31.110075
121.456245 31.110043
121.456241 31.110028
121.45624 31.11004
121.456221 31.110031
121.456216 31.110036
121.456231 31.110055
121.456235 31.110038
121.456235 31.110038
121.456235 31.11004
121.456216 31.110056
121.456215 31.110063
121.456225 31.11005
121.456215 31.110048
121.456215 31.11005
121.456196 31.110051
121.456235 31.110046
121.456231 31.110046
121.45623 31.11004
121.456221 31.11007
121.456268 31.110045
121.456258 31.110046
121.456216 31.110048
121.45622 31.110028
121.456228 31.110021
121.45626 31.110038
121.45626 31.11004
121.456255 31.110013
121.456195 31.11002
121.456215 31.110033
121.456216 31.11004
121.456213 31.110045
121.456203 31.11006
121.456208 31.11005
121.456211 31.110043
121.456205 31.110035
121.4562 31.110031
121.456275 31.110018
121.45625 31.110021
121.45623 31.110063
121.456228 31.110063
121.456233 31.110061
121.456228 31.110061
121.45624 31.110091
121.456211 31.110056
121.456131 31.10944
121.456131 31.109448
121.456158 31.109468
121.456155 31.10946
121.456141 31.109458
121.45614 31.109461
121.456125 31.109456
121.456116 31.109453
121.456133 31.109468
121.456128 31.109465
121.456126 31.109463
121.456133 31.109468
121.456145 31.109478
121.456145 31.109478
121.456136 31.109478
121.456141 31.109463
121.456146 31.109465
121.456143 31.109466
121.45613 31.109471
121.456145 31.10945
121.456141 31.109455
121.456135 31.109465
121.456135 31.109485
121.456146 31.10948
121.456158 31.109465
121.456146 31.109486
121.456148 31.109485
121.456146 31.109486
121.45615 31.109491
121.456146 31.109488
121.45614 31.109485
121.456141 31.109486
121.456153 31.109476
121.45616 31.109473
121.456156 31.109481
121.456155 31.109478
121.456156 31.109465
121.456166 31.109466
121.456145 31.109451
121.456143 31.109443
121.456201 31.109465
121.456151 31.109448
121.456141 31.109443
121.456138 31.109431
121.456141 31.109428
121.456143 31.10943
121.456141 31.109436
121.456183 31.109463
121.456181 31.109465
121.456168 31.109468
121.456148 31.10946
121.456151 31.109465
121.456156 31.109468
121.456161 31.109471
121.456163 31.10947
121.456188 31.109488
121.456163 31.109463
121.45614 31.10944
121.456151 31.109431
121.456126 31.109405
121.45614 31.109421
121.456143 31.109431
121.45615 31.109443
121.456151 31.109455
121.456151 31.109471
121.456123 31.109503
121.456115 31.109476
121.456121 31.109471
121.456133 31.109475
121.456136 31.109463
121.456136 31.109463
121.456125 31.10945
121.456126 31.109448
121.45613 31.10945
121.456123 31.109443
121.456118 31.109443
121.456116 31.10945
121.45612 31.109448
121.456123 31.109453
121.456133 31.109455
121.456136 31.109456
121.45615 31.109471
121.456151 31.10947
121.456135 31.109468
121.456128 31.109468
121.45613 31.109468
121.456128 31.109471
121.456136 31.109475
121.456125 31.109475
121.45614 31.109471
121.456135 31.10947
121.45613 31.10947
121.456156 31.109481
121.456153 31.10948
121.45615 31.109475
121.456145 31.109475
121.456128 31.10947
121.456126 31.109471
121.456136 31.10947
121.456118 31.109463
121.456125 31.10946
121.456126 31.109468
121.456133 31.10946
121.456113 31.109473
121.45613 31.109476
121.456151 31.109468
121.456141 31.109468
121.456143 31.109465
121.456155 31.109475
121.456141 31.10947
121.45614 31.109468
121.456141 31.109473
121.456146 31.109468
121.456143 31.109471
121.456131 31.10948
121.456133 31.10948
121.456145 31.109476
121.456118 31.109495
121.456116 31.109501
121.456128 31.109498
121.456141 31.109505
121.45613 31.109508
121.456116 31.109495
121.456121 31.1095
121.456113 31.109495
121.45612 31.10949
121.456116 31.109483
121.456115 31.109461
121.456095 31.109463
121.45609 31.109476
121.456081 31.109478
121.456091 31.109476
121.456085 31.109483
121.456095 31.109483
121.45611 31.109471
121.456123 31.10947
121.45615 31.109465
121.456146 31.10947
121.456121 31.109471
121.456138 31.109475
121.45614 31.109463
121.456131 31.109455
121.456118 31.10945
121.45612 31.10946
121.456121 31.109463
121.45613 31.10947
121.456146 31.109458
121.456151 31.109468
121.45615 31.109475
121.456141 31.109473
121.456138 31.10948
121.456145 31.10947
121.456141 31.109465
121.456146 31.109466
121.456136 31.109481
121.456123 31.10948
121.45613 31.109465
121.456143 31.109461
121.456138 31.109458
121.456136 31.109461
121.456125 31.109461
121.456131 31.10946
121.456126 31.109483
121.456125 31.109486
121.456123 31.109486
121.45611 31.109473
121.456098 31.109463
121.45611 31.109481
121.456118 31.109478
121.456116 31.109481
121.456116 31.109481
121.456125 31.10948
121.456128 31.10948
121.456126 31.109481
121.456123 31.109483
121.456116 31.109473
121.456111 31.109475
121.456121 31.109471
121.45613 31.109471
121.45613 31.109473
121.456115 31.109476
121.456135 31.109475
121.45611 31.109485
121.456105 31.109493
121.456095 31.109503
121.456071 31.109511
121.45608 31.109501
121.456068 31.109508
121.456093 31.109495
121.4561 31.10949
121.456101 31.109491
121.456096 31.109491
121.456126 31.109463
121.456145 31.109461
121.456133 31.109463
121.456121 31.109485
121.456111 31.109491
121.456131 31.109473
121.456138 31.10949
121.456131 31.109476
121.45614 31.109471
121.456135 31.109478
121.456153 31.10947
121.45617 31.109478
121.456175 31.109476
121.456171 31.109473
121.456156 31.109478
121.456178 31.10947
121.456143 31.109481
121.456155 31.109493
121.456136 31.109543
121.456141 31.109561
121.45614 31.109553
121.456146 31.109538
121.456131 31.109543
121.456145 31.109538
121.456135 31.109493
121.456133 31.109486
121.456133 31.109488
121.45614 31.109485
121.45615 31.10948
121.456148 31.109481
121.456148 31.109481
121.456155 31.109481
121.456126 31.10948
121.456125 31.109483
121.456133 31.109466
121.456133 31.109473
121.456115 31.109481
121.456145 31.109466
121.456138 31.109468
121.456131 31.109475
121.456128 31.109478
121.456158 31.109463
121.45616 31.109468
121.456146 31.109481
121.456145 31.109483
121.456141 31.109476
121.456148 31.10947
121.456153 31.109473
121.45615 31.109493
121.45615 31.109471
121.456146 31.109476
121.456151 31.109476
121.45615 31.109491
121.456155 31.109485
121.456148 31.109485
121.456155 31.109488
121.45615 31.109488
121.456153 31.109456
121.456158 31.109465
121.456155 31.109475
121.456156 31.109486
121.456166 31.109458
121.456163 31.109423
121.456165 31.109421
121.456156 31.109463
121.456181 31.109456
121.456165 31.109506
121.456158 31.109505
121.456171 31.109471
121.456123 31.109518
121.456131 31.109518
121.45615 31.109448
121.456148 31.10945
121.456121 31.10944
121.456121 31.10943
121.45611 31.109433
121.45611 31.109441
121.456101 31.10946
121.456098 31.109456
121.456126 31.109453
121.45616 31.109443
121.456161 31.109461
121.45615 31.109461
121.456158 31.109476
121.456161 31.109476
121.456126 31.109445
121.45618 31.109426
121.456183 31.109428
121.456178 31.109435
121.456158 31.109455
121.456113 31.109451
121.456111 31.10947
121.456121 31.109475
121.456128 31.109471
121.456133 31.109468
121.456141 31.109445
121.45609 31.109473
121.456098 31.109471
121.456085 31.109486
121.456075 31.109483
121.456061 31.109486
121.45606 31.109466
121.456075 31.109473
121.456088 31.109445
121.456101 31.109435
121.45607 31.109406
121.456076 31.10942
121.456095 31.109448
121.456095 31.109443
121.45608 31.109443
121.456083 31.109423
121.45606 31.109425
121.45609 31.109463
121.456103 31.109463
121.45608 31.109465
121.456088 31.109463
121.456098 31.109466
121.456156 31.109433
121.456106 31.109451
121.456155 31.109455
121.45609 31.10943
121.456086 31.109435
121.456103 31.109435
121.456078 31.109431
121.456138 31.109463
121.456108 31.109453
121.456086 31.109428
121.456073 31.109428
121.456223 31.110065
121.456216 31.110078
121.456183 31.11006
121.45621 31.11004
121.456216 31.110063
121.456278 31.110041
121.456238 31.11001
121.456296 31.110055
121.4563 31.110056
121.45631 31.11004
121.456275 31.11005
121.456255 31.110046
121.45624 31.110048
121.45623 31.110053
121.456243 31.11004
121.456268 31.110033
121.456221 31.110003
121.45625 31.110051
121.456246 31.110061
121.456228 31.110033
121.456236 31.110031
121.456243 31.11006
121.456213 31.110045
121.456216 31.110041
121.456221 31.11001
121.456233 31.110028
121.456218 31.11002
121.456223 31.110018
121.456235 31.110015
121.456231 31.110006
121.456253 31.110003
121.456256 31.110025
121.456238 31.110038
121.456251 31.110045
121.456246 31.110056
121.456253 31.110056
121.456246 31.110043
121.456248 31.110043
121.456203 31.110036
121.456208 31.110066
121.456205 31.110031
121.456221 31.110036
121.456206 31.110043
121.456148 31.110065
121.456108 31.110065
121.456098 31.110088
121.456213 31.110035
121.45621 31.110033
121.456221 31.110033
121.456225 31.110031
121.456223 31.11003
121.456211 31.110018
121.456185 31.110025
121.456173 31.110033
121.456185 31.110038
121.456198 31.110035
121.456201 31.11003
121.456181 31.110045
121.456216 31.110046
121.456263 31.11006
121.456231 31.110076
121.456258 31.110093
121.456216 31.11006
121.456211 31.11005
121.456223 31.110068
121.456271 31.110021
121.456275 31.11002
121.456243 31.110028
121.45626 31.110055
121.45622 31.110058
121.456213 31.110053
121.456208 31.110065
121.456191 31.110078
121.456221 31.110071
121.456261 31.110053
121.456255 31.110051
121.456205 31.110073
121.456111 31.110123
121.456108 31.11013
121.456078 31.110141
121.456075 31.110146
121.456103 31.110133
121.456175 31.110076
121.456228 31.110043
121.456236 31.110036
121.456225 31.110043
121.456231 31.110036
121.456256 31.11002
121.456198 31.110063
121.456186 31.110073
121.456186 31.110068
121.456191 31.110073
121.4562 31.110073
121.456225 31.110056
121.45624 31.110033
121.456233 31.110043
121.456215 31.110063
121.456205 31.110058
121.456198 31.110053
121.45623 31.110043
121.456235 31.110041
121.456236 31.110036
121.456246 31.110036
121.456248 31.110043
121.456251 31.110055
121.456253 31.110068
121.456261 31.11007
121.456288 31.110053
121.456316 31.11004
121.45633 31.110031
121.456318 31.110031
121.456306 31.110038
121.4563 31.110043
121.456295 31.110055
121.456295 31.110061
121.456296 31.11007
121.456295 31.110071
121.456296 31.110071
121.456305 31.110071
121.456308 31.110066
121.456308 31.11007
121.456301 31.110068
121.456255 31.110061
121.456263 31.110051
121.45626 31.110048
121.456231 31.11005
121.456213 31.110055
121.456216 31.110058
121.456216 31.110071
121.456225 31.110053
121.45622 31.110033
121.45623 31.110033
121.456228 31.110036
121.456233 31.110038
121.456236 31.110038
121.456248 31.110036
121.45625 31.11003
121.456251 31.110025
121.456258 31.110026
121.45626 31.11002
121.45626 31.11002
121.45627 31.110033
121.456276 31.110035
121.456281 31.110036
121.456288 31.110038
121.45629 31.11004
121.456296 31.110033
121.456311 31.110025
121.456316 31.110026
121.45634 31.110035
121.456341 31.110043
121.456345 31.110048
121.456311 31.110073
121.456303 31.110076
121.456298 31.110078
121.456293 31.110076
121.456286 31.110068
121.456298 31.110045
121.456298 31.110053
121.45627 31.110071
121.456256 31.110108
121.456246 31.110113
121.456233 31.11005
121.456226 31.110025
121.456228 31.110035
121.456265 31.110028
121.456265 31.110011
121.456273 31.110023
121.456263 31.110015
121.45626 31.110001
121.456251 31.110005
121.456248 31.110071
121.456251 31.110075
121.456258 31.11007
121.456273 31.110066
121.456265 31.11007
121.456263 31.110075
121.456271 31.110061
121.456266 31.110056
121.456258 31.110053
121.45624 31.110038
121.456243 31.110025
121.456248 31.110021
121.456243 31.110043
121.456248 31.110073
121.456265 31.110078
121.456266 31.110088
121.456273 31.110076
121.456271 31.11008
121.456255 31.110068
121.456258 31.110061
121.456268 31.11004
121.456256 31.110083
121.456276 31.110058
121.456263 31.11007
121.456258 31.11005
121.456275 31.110053
121.456243 31.110043
121.456306 31.110036
121.456303 31.11003
121.456296 31.110021
121.456315 31.109978
121.456288 31.110091
121.4563 31.11005
121.456303 31.110091
121.456296 31.110078
121.456293 31.110065
121.456223 31.110158
121.456218 31.110163
121.456216 31.110153
121.45622 31.110136
121.45622 31.110098
121.456216 31.110095
121.456206 31.110093
121.456213 31.110073
121.456208 31.110066
121.456175 31.110025
121.456246 31.110111
121.456253 31.110161
121.456258 31.110113
121.456258 31.110085
121.456248 31.110166
121.456241 31.11012
121.456238 31.110076
121.456238 31.110073
121.456241 31.110085
121.45624 31.110105
121.456228 31.110118
121.456218 31.11013
121.456218 31.110096
121.456226 31.11012
121.456233 31.110125
121.456253 31.110085
121.456191 31.11016
121.456245 31.110048
121.456221 31.110075
121.456245 31.110043
121.456241 31.110028
121.45624 31.11004
121.456221 31.110031
121.456216 31.110036
121.456231 31.110055
121.456235 31.110038
121.456235 31.110038
121.456235 31.11004
121.456216 31.110056
121.456215 31.110063
121.456225 31.11005
121.456215 31.110048
121.456215 31.11005
121.456196 31.110051
121.456235 31.110046
121.456231 31.110046
121.45623 31.11004
121.456221 31.11007
121.456268 31.110045
121.456258 31.110046
121.456216 31.110048
121.45622 31.110028
121.456228 31.110021
121.45626 31.110038
121.45626 31.11004
121.456255 31.110013
121.456195 31.11002
121.456215 31.110033
121.456216 31.11004
121.456213 31.110045
121.456203 31.11006
121.456208 31.11005
121.456211 31.110043
121.456205 31.110035
121.4562 31.110031
121.456275 31.110018
121.45625 31.110021
121.45623 31.110063
121.456228 31.110063
121.456233 31.110061
121.456228 31.110061
121.45624 31.110091
121.456211 31.110056
121.456131 31.10944
121.456131 31.109448
121.456158 31.109468
121.456155 31.10946
121.456141 31.109458
121.45614 31.109461
121.456125 31.109456
121.456116 31.109453
121.456133 31.109468
121.456128 31.109465
121.456126 31.109463
121.456133 31.109468
121.456145 31.109478
121.456145 31.109478
121.456136 31.109478
121.456141 31.109463
121.456146 31.109465
121.456143 31.109466
121.45613 31.109471
121.456145 31.10945
121.456141 31.109455
121.456135 31.109465
121.456135 31.109485
121.456146 31.10948
121.456158 31.109465
121.456146 31.109486
121.456148 31.109485
121.456146 31.109486
121.45615 31.109491
121.456146 31.109488
121.45614 31.109485
121.456141 31.109486
121.456153 31.109476
121.45616 31.109473
121.456156 31.109481
121.456155 31.109478
121.456156 31.109465
121.456166 31.109466
121.456145 31.109451
121.456143 31.109443
121.456201 31.109465
121.456151 31.109448
121.456141 31.109443
121.456138 31.109431
121.456141 31.109428
121.456143 31.10943
121.456141 31.109436
121.456183 31.109463
121.456181 31.109465
121.456168 31.109468
121.456148 31.10946
121.456151 31.109465
121.456156 31.109468
121.456161 31.109471
121.456163 31.10947
121.456188 31.109488
121.456163 31.109463
121.45614 31.10944
121.456151 31.109431
121.456126 31.109405
121.45614 31.109421
121.456143 31.109431
121.45615 31.109443
121.456151 31.109455
121.456151 31.109471
121.456123 31.109503
121.456115 31.109476
121.456121 31.109471
121.456133 31.109475
121.456136 31.109463
121.456136 31.109463
121.456125 31.10945
121.456126 31.109448
121.45613 31.10945
121.456123 31.109443
121.456118 31.109443
121.456116 31.10945
121.45612 31.109448
121.456123 31.109453
121.456133 31.109455
121.456136 31.109456
121.45615 31.109471
121.456151 31.10947
121.456135 31.109468
121.456128 31.109468
121.45613 31.109468
121.456128 31.109471
121.456136 31.109475
121.456125 31.109475
121.45614 31.109471
121.456135 31.10947
121.45613 31.10947
121.456156 31.109481
121.456153 31.10948
121.45615 31.109475
121.456145 31.109475
121.456128 31.10947
121.456126 31.109471
121.456136 31.10947
121.456118 31.109463
121.456125 31.10946
121.456126 31.109468
121.456133 31.10946
121.456113 31.109473
121.45613 31.109476
121.456151 31.109468
121.456141 31.109468
121.456143 31.109465
121.456155 31.109475
121.456141 31.10947
121.45614 31.109468
121.456141 31.109473
121.456146 31.109468
121.456143 31.109471
121.456131 31.10948
121.456133 31.10948
121.456145 31.109476
121.456118 31.109495
121.456116 31.109501
121.456128 31.109498
121.456141 31.109505
121.45613 31.109508
121.456116 31.109495
121.456121 31.1095
121.456113 31.109495
121.45612 31.10949
121.456116 31.109483
121.456115 31.109461
121.456095 31.109463
121.45609 31.109476
121.456081 31.109478
121.456091 31.109476
121.456085 31.109483
121.456095 31.109483
121.45611 31.109471
121.456123 31.10947
121.45615 31.109465
121.456146 31.10947
121.456121 31.109471
121.456138 31.109475
121.45614 31.109463
121.456131 31.109455
121.456118 31.10945
121.45612 31.10946
121.456121 31.109463
121.45613 31.10947
121.456146 31.109458
121.456151 31.109468
121.45615 31.109475
121.456141 31.109473
121.456138 31.10948
121.456145 31.10947
121.456141 31.109465
121.456146 31.109466
121.456136 31.109481
121.456123 31.10948
121.45613 31.109465
121.456143 31.109461
121.456138 31.109458
121.456136 31.109461
121.456125 31.109461
121.456131 31.10946
121.456126 31.109483
121.456125 31.109486
121.456123 31.109486
121.45611 31.109473
121.456098 31.109463
121.45611 31.109481
121.456118 31.109478
121.456116 31.109481
121.456116 31.109481
121.456125 31.10948
121.456128 31.10948
121.456126 31.109481
121.456123 31.109483
121.456116 31.109473
121.456111 31.109475
121.456121 31.109471
121.45613 31.109471
121.45613 31.109473
121.456115 31.109476
121.456135 31.109475
121.45611 31.109485
121.456105 31.109493
121.456095 31.109503
121.456071 31.109511
121.45608 31.109501
121.456068 31.109508
121.456093 31.109495
121.4561 31.10949
121.456101 31.109491
121.456096 31.109491
121.456126 31.109463
121.456145 31.109461
121.456133 31.109463
121.456121 31.109485
121.456111 31.109491
121.456131 31.109473
121.456138 31.10949
121.456131 31.109476
121.45614 31.109471
121.456135 31.109478
121.456153 31.10947
121.45617 31.109478
121.456175 31.109476
121.456171 31.109473
121.456156 31.109478
121.456178 31.10947
121.456143 31.109481
121.456155 31.109493
121.456136 31.109543
121.456141 31.109561
121.45614 31.109553
121.456146 31.109538
121.456131 31.109543
121.456145 31.109538
121.456135 31.109493
121.456133 31.109486
121.456133 31.109488
121.45614 31.109485
121.45615 31.10948
121.456148 31.109481
121.456148 31.109481
121.456155 31.109481
121.456126 31.10948
121.456125 31.109483
121.456133 31.109466
121.456133 31.109473
121.456115 31.109481
121.456145 31.109466
121.456138 31.109468
121.456131 31.109475
121.456128 31.109478
121.456158 31.109463
121.45616 31.109468
121.456146 31.109481
121.456145 31.109483
121.456141 31.109476
121.456148 31.10947
121.456153 31.109473
121.45615 31.109493
121.45615 31.109471
121.456146 31.109476
121.456151 31.109476
121.45615 31.109491
121.456155 31.109485
121.456148 31.109485
121.456155 31.109488
121.45615 31.109488
121.456153 31.109456
121.456158 31.109465
121.456155 31.109475
121.456156 31.109486
121.456166 31.109458
121.456163 31.109423
121.456165 31.109421
121.456156 31.109463
121.456181 31.109456
121.456165 31.109506
121.456158 31.109505
121.456171 31.109471
121.456123 31.109518
121.456131 31.109518
121.45615 31.109448
121.456148 31.10945
121.456121 31.10944
121.456121 31.10943
121.45611 31.109433
121.45611 31.109441
121.456101 31.10946
121.456098 31.109456
121.456126 31.109453
121.45616 31.109443
121.456161 31.109461
121.45615 31.109461
121.456158 31.109476
121.456161 31.109476
121.456126 31.109445
121.45618 31.109426
121.456183 31.109428
121.456178 31.109435
121.456158 31.109455
121.456113 31.109451
121.456111 31.10947
121.456121 31.109475
121.456128 31.109471
121.456133 31.109468
121.456141 31.109445
121.45609 31.109473
121.456098 31.109471
121.456085 31.109486
121.456075 31.109483
121.456061 31.109486
121.45606 31.109466
121.456075 31.109473
121.456088 31.109445
121.456101 31.109435
121.45607 31.109406
121.456076 31.10942
121.456095 31.109448
121.456095 31.109443
121.45608 31.109443
121.456083 31.109423
121.45606 31.109425
121.45609 31.109463
121.456103 31.109463
121.45608 31.109465
121.456088 31.109463
121.456098 31.109466
121.456156 31.109433
121.456106 31.109451
121.456155 31.109455
121.45609 31.10943
121.456086 31.109435
121.456103 31.109435
121.456078 31.109431
121.456138 31.109463
121.456108 31.109453
121.456086 31.109428
121.456073 31.109428
121.456223 31.110065
121.456216 31.110078
121.456183 31.11006
121.45621 31.11004
121.456216 31.110063
121.456278 31.110041
121.456238 31.11001
121.456296 31.110055
121.4563 31.110056
121.45631 31.11004
121.456275 31.11005
121.456255 31.110046
121.45624 31.110048
121.45623 31.110053
121.456243 31.11004
121.456268 31.110033
121.456221 31.110003
121.45625 31.110051
121.456246 31.110061
121.456228 31.110033
121.456236 31.110031
121.456243 31.11006
121.456213 31.110045
121.456216 31.110041
121.456221 31.11001
121.456233 31.110028
121.456218 31.11002
121.456223 31.110018
121.456235 31.110015
121.456231 31.110006
121.456253 31.110003
121.456256 31.110025
121.456238 31.110038
121.456251 31.110045
121.456246 31.110056
121.456253 31.110056
121.456246 31.110043
121.456248 31.110043
121.456203 31.110036
121.456208 31.110066
121.456205 31.110031
121.456221 31.110036
121.456206 31.110043
121.456148 31.110065
121.456108 31.110065
121.456098 31.110088
121.456213 31.110035
121.45621 31.110033
121.456221 31.110033
121.456225 31.110031
121.456223 31.11003
121.456211 31.110018
121.456185 31.110025
121.456173 31.110033
121.456185 31.110038
121.456198 31.110035
121.456201 31.11003
121.456181 31.110045
121.456216 31.110046
121.456263 31.11006
121.456231 31.110076
121.456258 31.110093
121.456216 31.11006
121.456211 31.11005
121.456223 31.110068
121.456271 31.110021
121.456275 31.11002
121.456243 31.110028
121.45626 31.110055
121.45622 31.110058
121.456213 31.110053
121.456208 31.110065
121.456191 31.110078
121.456221 31.110071
121.456261 31.110053
121.456255 31.110051
121.456205 31.110073
121.456111 31.110123
121.456108 31.11013
121.456078 31.110141
121.456075 31.110146
121.456103 31.110133
121.456175 31.110076
121.456228 31.110043
121.456236 31.110036
121.456225 31.110043
121.456231 31.110036
121.456256 31.11002
121.456198 31.110063
121.456186 31.110073
121.456186 31.110068
121.456191 31.110073
121.4562 31.110073
121.456225 31.110056
121.45624 31.110033
121.456233 31.110043
121.456215 31.110063
121.456205 31.110058
121.456198 31.110053
121.45623 31.110043
121.456235 31.110041
121.456236 31.110036
121.456246 31.110036
121.456248 31.110043
121.456251 31.110055
121.456253 31.110068
121.456261 31.11007
121.456288 31.110053
121.456316 31.11004
121.45633 31.110031
121.456318 31.110031
121.456306 31.110038
121.4563 31.110043
121.456295 31.110055
121.456295 31.110061
121.456296 31.11007
121.456295 31.110071
121.456296 31.110071
121.456305 31.110071
121.456308 31.110066
121.456308 31.11007
121.456301 31.110068
121.456255 31.110061
121.456263 31.110051
121.45626 31.110048
121.456231 31.11005
121.456213 31.110055
121.456216 31.110058
121.456216 31.110071
121.456225 31.110053
121.45622 31.110033
121.45623 31.110033
121.456228 31.110036
121.456233 31.110038
121.456236 31.110038
121.456248 31.110036
121.45625 31.11003
121.456251 31.110025
121.456258 31.110026
121.45626 31.11002
121.45626 31.11002
121.45627 31.110033
121.456276 31.110035
121.456281 31.110036
121.456288 31.110038
121.45629 31.11004
121.456296 31.110033
121.456311 31.110025
121.456316 31.110026
121.45634 31.110035
121.456341 31.110043
121.456345 31.110048
121.456311 31.110073
121.456303 31.110076
121.456298 31.110078
121.456293 31.110076
121.456286 31.110068
121.456298 31.110045
121.456298 31.110053
121.45627 31.110071
121.456256 31.110108
121.456246 31.110113
121.456233 31.11005
121.456226 31.110025
121.456228 31.110035
121.456265 31.110028
121.456265 31.110011
121.456273 31.110023
121.456263 31.110015
121.45626 31.110001
121.456251 31.110005
121.456248 31.110071
121.456251 31.110075
121.456258 31.11007
121.456273 31.110066
121.456265 31.11007
121.456263 31.110075
121.456271 31.110061
121.456266 31.110056
121.456258 31.110053
121.45624 31.110038
121.456243 31.110025
121.456248 31.110021
121.456243 31.110043
121.456248 31.110073
121.456265 31.110078
121.456266 31.110088
121.456273 31.110076
121.456271 31.11008
121.456255 31.110068
121.456258 31.110061
121.456268 31.11004
121.456256 31.110083
121.456276 31.110058
121.456263 31.11007
121.456258 31.11005
121.456275 31.110053
121.456243 31.110043
121.456306 31.110036
121.456303 31.11003
121.456296 31.110021
121.456315 31.109978
121.456288 31.110091
121.4563 31.11005
121.456303 31.110091
121.456296 31.110078
121.456293 31.110065
121.456223 31.110158
121.456218 31.110163
121.456216 31.110153
121.45622 31.110136
121.45622 31.110098
121.456216 31.110095
121.456206 31.110093
121.456213 31.110073
121.456208 31.110066
121.456175 31.110025
121.456246 31.110111
121.456253 31.110161
121.456258 31.110113
121.456258 31.110085
121.456248 31.110166
121.456241 31.11012
121.456238 31.110076
121.456238 31.110073
121.456241 31.110085
121.45624 31.110105
121.456228 31.110118
121.456218 31.11013
121.456218 31.110096
121.456226 31.11012
121.456233 31.110125
121.456253 31.110085
121.456191 31.11016
121.456245 31.110048
121.456221 31.110075
121.456245 31.110043
121.456241 31.110028
121.45624 31.11004
121.456221 31.110031
121.456216 31.110036
121.456231 31.110055
121.456235 31.110038
121.456235 31.110038
121.456235 31.11004
121.456216 31.110056
121.456215 31.110063
121.456225 31.11005
121.456215 31.110048
121.456215 31.11005
121.456196 31.110051
121.456235 31.110046
121.456231 31.110046
121.45623 31.11004
121.456221 31.11007
121.456268 31.110045
121.456258 31.110046
121.456216 31.110048
121.45622 31.110028
121.456228 31.110021
121.45626 31.110038
121.45626 31.11004
121.456255 31.110013
121.456195 31.11002
121.456215 31.110033
121.456216 31.11004
121.456213 31.110045
121.456203 31.11006
121.456208 31.11005
121.456211 31.110043
121.456205 31.110035
121.4562 31.110031
121.456275 31.110018
121.45625 31.110021
121.45623 31.110063
121.456228 31.110063
121.456233 31.110061
121.456228 31.110061
121.45624 31.110091
121.456211 31.110056
121.456131 31.10944
121.456131 31.109448
121.456158 31.109468
121.456155 31.10946
121.456141 31.109458
121.45614 31.109461
121.456125 31.109456
121.456116 31.109453
121.456133 31.109468
121.456128 31.109465
121.456126 31.109463
121.456133 31.109468
121.456145 31.109478
121.456145 31.109478
121.456136 31.109478
121.456141 31.109463
121.456146 31.109465
121.456143 31.109466
121.45613 31.109471
121.456145 31.10945
121.456141 31.109455
121.456135 31.109465
121.456135 31.109485
121.456146 31.10948
121.456158 31.109465
121.456146 31.109486
121.456148 31.109485
121.456146 31.109486
121.45615 31.109491
121.456146 31.109488
121.45614 31.109485
121.456141 31.109486
121.456153 31.109476
121.45616 31.109473
121.456156 31.109481
121.456155 31.109478
121.456156 31.109465
121.456166 31.109466
121.456145 31.109451
121.456143 31.109443
121.456201 31.109465
121.456151 31.109448
121.456141 31.109443
121.456138 31.109431
121.456141 31.109428
121.456143 31.10943
121.456141 31.109436
121.456183 31.109463
121.456181 31.109465
121.456168 31.109468
121.456148 31.10946
121.456151 31.109465
121.456156 31.109468
121.456161 31.109471
121.456163 31.10947
121.456188 31.109488
121.456163 31.109463
121.45614 31.10944
121.456151 31.109431
121.456126 31.109405
121.45614 31.109421
121.456143 31.109431
121.45615 31.109443
121.456151 31.109455
121.456151 31.109471
121.456123 31.109503
121.456115 31.109476
121.456121 31.109471
121.456133 31.109475
121.456136 31.109463
121.456136 31.109463
121.456125 31.10945
121.456126 31.109448
121.45613 31.10945
121.456123 31.109443
121.456118 31.109443
121.456116 31.10945
121.45612 31.109448
121.456123 31.109453
121.456133 31.109455
121.456136 31.109456
121.45615 31.109471
121.456151 31.10947
121.456135 31.109468
121.456128 31.109468
121.45613 31.109468
121.456128 31.109471
121.456136 31.109475
121.456125 31.109475
121.45614 31.109471
121.456135 31.10947
121.45613 31.10947
121.456156 31.109481
121.456153 31.10948
121.45615 31.109475
121.456145 31.109475
121.456128 31.10947
121.456126 31.109471
121.456136 31.10947
121.456118 31.109463
121.456125 31.10946
121.456126 31.109468
121.456133 31.10946
121.456113 31.109473
121.45613 31.109476
121.456151 31.109468
121.456141 31.109468
121.456143 31.109465
121.456155 31.109475
121.456141 31.10947
121.45614 31.109468
121.456141 31.109473
121.456146 31.109468
121.456143 31.109471
121.456131 31.10948
121.456133 31.10948
121.456145 31.109476
121.456118 31.109495
121.456116 31.109501
121.456128 31.109498
121.456141 31.109505
121.45613 31.109508
121.456116 31.109495
121.456121 31.1095
121.456113 31.109495
121.45612 31.10949
121.456116 31.109483
121.456115 31.109461
121.456095 31.109463
121.45609 31.109476
121.456081 31.109478
121.456091 31.109476
121.456085 31.109483
121.456095 31.109483
121.45611 31.109471
121.456123 31.10947
121.45615 31.109465
121.456146 31.10947
121.456121 31.109471
121.456138 31.109475
121.45614 31.109463
121.456131 31.109455
121.456118 31.10945
121.45612 31.10946
121.456121 31.109463
121.45613 31.10947
121.456146 31.109458
121.456151 31.109468
121.45615 31.109475
121.456141 31.109473
121.456138 31.10948
121.456145 31.10947
121.456141 31.109465
121.456146 31.109466
121.456136 31.109481
121.456123 31.10948
121.45613 31.109465
121.456143 31.109461
121.456138 31.109458
121.456136 31.109461
121.456125 31.109461
121.456131 31.10946
121.456126 31.109483
121.456125 31.109486
121.456123 31.109486
121.45611 31.109473
121.456098 31.109463
121.45611 31.109481
121.456118 31.109478
121.456116 31.109481
121.456116 31.109481
121.456125 31.10948
121.456128 31.10948
121.456126 31.109481
121.456123 31.109483
121.456116 31.109473
121.456111 31.109475
121.456121 31.109471
121.45613 31.109471
121.45613 31.109473
121.456115 31.109476
121.456135 31.109475
121.45611 31.109485
121.456105 31.109493
121.456095 31.109503
121.456071 31.109511
121.45608 31.109501
121.456068 31.109508
121.456093 31.109495
121.4561 31.10949
121.456101 31.109491
121.456096 31.109491
121.456126 31.109463
121.456145 31.109461
121.456133 31.109463
121.456121 31.109485
121.456111 31.109491
121.456131 31.109473
121.456138 31.10949
121.456131 31.109476
121.45614 31.109471
121.456135 31.109478
121.456153 31.10947
121.45617 31.109478
121.456175 31.109476
121.456171 31.109473
121.456156 31.109478
121.456178 31.10947
121.456143 31.109481
121.456155 31.109493
121.456136 31.109543
121.456141 31.109561
121.45614 31.109553
121.456146 31.109538
121.456131 31.109543
121.456145 31.109538
121.456135 31.109493
121.456133 31.109486
121.456133 31.109488
121.45614 31.109485
121.45615 31.10948
121.456148 31.109481
121.456148 31.109481
121.456155 31.109481
121.456126 31.10948
121.456125 31.109483
121.456133 31.109466
121.456133 31.109473
121.456115 31.109481
121.456145 31.109466
121.456138 31.109468
121.456131 31.109475
121.456128 31.109478
121.456158 31.109463
121.45616 31.109468
121.456146 31.109481
121.456145 31.109483
121.456141 31.109476
121.456148 31.10947
121.456153 31.109473
121.45615 31.109493
121.45615 31.109471
121.456146 31.109476
121.456151 31.109476
121.45615 31.109491
121.456155 31.109485
121.456148 31.109485
121.456155 31.109488
121.45615 31.109488
121.456153 31.109456
121.456158 31.109465
121.456155 31.109475
121.456156 31.109486
121.456166 31.109458
121.456163 31.109423
121.456165 31.109421
121.456156 31.109463
121.456181 31.109456
121.456165 31.109506
121.456158 31.109505
121.456171 31.109471
121.456123 31.109518
121.456131 31.109518
121.45615 31.109448
121.456148 31.10945
121.456121 31.10944
121.456121 31.10943
121.45611 31.109433
121.45611 31.109441
121.456101 31.10946
121.456098 31.109456
121.456126 31.109453
121.45616 31.109443
121.456161 31.109461
121.45615 31.109461
121.456158 31.109476
121.456161 31.109476
121.456126 31.109445
121.45618 31.109426
121.456183 31.109428
121.456178 31.109435
121.456158 31.109455
121.456113 31.109451
121.456111 31.10947
121.456121 31.109475
121.456128 31.109471
121.456133 31.109468
121.456141 31.109445
121.45609 31.109473
121.456098 31.109471
121.456085 31.109486
121.456075 31.109483
121.456061 31.109486
121.45606 31.109466
121.456075 31.109473
121.456088 31.109445
121.456101 31.109435
121.45607 31.109406
121.456076 31.10942
121.456095 31.109448
121.456095 31.109443
121.45608 31.109443
121.456083 31.109423
121.45606 31.109425
121.45609 31.109463
121.456103 31.109463
121.45608 31.109465
121.456088 31.109463
121.456098 31.109466
121.456156 31.109433
121.456106 31.109451
121.456155 31.109455
121.45609 31.10943
121.456086 31.109435
121.456103 31.109435
121.456078 31.109431
121.456138 31.109463
121.456108 31.109453
121.456086 31.109428
121.456073 31.109428
121.456223 31.110065
121.456216 31.110078
121.456183 31.11006
121.45621 31.11004
121.456216 31.110063
121.456278 31.110041
121.456238 31.11001
121.456296 31.110055
121.4563 31.110056
121.45631 31.11004
121.456275 31.11005
121.456255 31.110046
121.45624 31.110048
121.45623 31.110053
121.456243 31.11004
121.456268 31.110033
121.456221 31.110003
121.45625 31.110051
121.456246 31.110061
121.456228 31.110033
121.456236 31.110031
121.456243 31.11006
121.456213 31.110045
121.456216 31.110041
121.456221 31.11001
121.456233 31.110028
121.456218 31.11002
121.456223 31.110018
121.456235 31.110015
121.456231 31.110006
121.456253 31.110003
121.456256 31.110025
121.456238 31.110038
121.456251 31.110045
121.456246 31.110056
121.456253 31.110056
121.456246 31.110043
121.456248 31.110043
121.456203 31.110036
121.456208 31.110066
121.456205 31.110031
121.456221 31.110036
121.456206 31.110043
121.456148 31.110065
121.456108 31.110065
121.456098 31.110088
121.456213 31.110035
121.45621 31.110033
121.456221 31.110033
121.456225 31.110031
121.456223 31.11003
121.456211 31.110018
121.456185 31.110025
121.456173 31.110033
121.456185 31.110038
121.456198 31.110035
121.456201 31.11003
121.456181 31.110045
121.456216 31.110046
121.456263 31.11006
121.456231 31.110076
121.456258 31.110093
121.456216 31.11006
121.456211 31.11005
121.456223 31.110068
121.456271 31.110021
121.456275 31.11002
121.456243 31.110028
121.45626 31.110055
121.45622 31.110058
121.456213 31.110053
121.456208 31.110065
121.456191 31.110078
121.456221 31.110071
121.456261 31.110053
121.456255 31.110051
121.456205 31.110073
121.456111 31.110123
121.456108 31.11013
121.456078 31.110141
121.456075 31.110146
121.456103 31.110133
121.456175 31.110076
121.456228 31.110043
121.456236 31.110036
121.456225 31.110043
121.456231 31.110036
121.456256 31.11002
121.456198 31.110063
121.456186 31.110073
121.456186 31.110068
121.456191 31.110073
121.4562 31.110073
121.456225 31.110056
121.45624 31.110033
121.456233 31.110043
121.456215 31.110063
121.456205 31.110058
121.456198 31.110053
121.45623 31.110043
121.456235 31.110041
121.456236 31.110036
121.456246 31.110036
121.456248 31.110043
121.456251 31.110055
121.456253 31.110068
121.456261 31.11007
121.456288 31.110053
121.456316 31.11004
121.45633 31.110031
121.456318 31.110031
121.456306 31.110038
121.4563 31.110043
121.456295 31.110055
121.456295 31.110061
121.456296 31.11007
121.456295 31.110071
121.456296 31.110071
121.456305 31.110071
121.456308 31.110066
121.456308 31.11007
121.456301 31.110068
121.456255 31.110061
121.456263 31.110051
121.45626 31.110048
121.456231 31.11005
121.456213 31.110055
121.456216 31.110058
121.456216 31.110071
121.456225 31.110053
121.45622 31.110033
121.45623 31.110033
121.456228 31.110036
121.456233 31.110038
121.456236 31.110038
121.456248 31.110036
121.45625 31.11003
121.456251 31.110025
121.456258 31.110026
121.45626 31.11002
121.45626 31.11002
121.45627 31.110033
121.456276 31.110035
121.456281 31.110036
121.456288 31.110038
121.45629 31.11004
121.456296 31.110033
121.456311 31.110025
121.456316 31.110026
121.45634 31.110035
121.456341 31.110043
121.456345 31.110048
121.456311 31.110073
121.456303 31.110076
121.456298 31.110078
121.456293 31.110076
121.456286 31.110068
121.456298 31.110045
121.456298 31.110053
121.45627 31.110071
121.456256 31.110108
121.456246 31.110113
121.456233 31.11005
121.456226 31.110025
121.456228 31.110035
121.456265 31.110028
121.456265 31.110011
121.456273 31.110023
121.456263 31.110015
121.45626 31.110001
121.456251 31.110005
121.456248 31.110071
121.456251 31.110075
121.456258 31.11007
121.456273 31.110066
121.456265 31.11007
121.456263 31.110075
121.456271 31.110061
121.456266 31.110056
121.456258 31.110053
121.45624 31.110038
121.456243 31.110025
121.456248 31.110021
121.456243 31.110043
121.456248 31.110073
121.456265 31.110078
121.456266 31.110088
121.456273 31.110076
121.456271 31.11008
121.456255 31.110068
121.456258 31.110061
121.456268 31.11004
121.456256 31.110083
121.456276 31.110058
121.456263 31.11007
121.456258 31.11005
121.456275 31.110053
121.456243 31.110043
121.456306 31.110036
121.456303 31.11003
121.456296 31.110021
121.456315 31.109978
121.456288 31.110091
121.4563 31.11005
121.456303 31.110091
121.456296 31.110078
121.456293 31.110065
121.456223 31.110158
121.456218 31.110163
121.456216 31.110153
121.45622 31.110136
121.45622 31.110098
121.456216 31.110095
121.456206 31.110093
121.456213 31.110073
121.456208 31.110066
121.456175 31.110025
121.456246 31.110111
121.456253 31.110161
121.456258 31.110113
121.456258 31.110085
121.456248 31.110166
121.456241 31.11012
121.456238 31.110076
121.456238 31.110073
121.456241 31.110085
121.45624 31.110105
121.456228 31.110118
121.456218 31.11013
121.456218 31.110096
121.456226 31.11012
121.456233 31.110125
121.456253 31.110085
121.456191 31.11016
121.456245 31.110048
121.456221 31.110075
121.456245 31.110043
121.456241 31.110028
121.45624 31.11004
121.456221 31.110031
121.456216 31.110036
121.456231 31.110055
121.456235 31.110038
121.456235 31.110038
121.456235 31.11004
121.456216 31.110056
121.456215 31.110063
121.456225 31.11005
121.456215 31.110048
121.456215 31.11005
121.456196 31.110051
121.456235 31.110046
121.456231 31.110046
121.45623 31.11004
121.456221 31.11007
121.456268 31.110045
121.456258 31.110046
121.456216 31.110048
121.45622 31.110028
121.456228 31.110021
121.45626 31.110038
121.45626 31.11004
121.456255 31.110013
121.456195 31.11002
121.456215 31.110033
121.456216 31.11004
121.456213 31.110045
121.456203 31.11006
121.456208 31.11005
121.456211 31.110043
121.456205 31.110035
121.4562 31.110031
121.456275 31.110018
121.45625 31.110021
121.45623 31.110063
121.456228 31.110063
121.456233 31.110061
121.456228 31.110061
121.45624 31.110091
121.456211 31.110056
