120.470016 32.072766
120.47 32.072764
120.469961 32.072706
120.469936 32.072786
120.469961 32.072715
120.469941 32.072741
120.469956 32.07275
120.469928 32.072764
120.469948 32.07275
120.46995 32.072746
120.469985 32.072731
120.469943 32.072758
120.469913 32.072786
120.469938 32.072788
120.469893 32.072763
120.469945 32.072778
120.469958 32.07277
120.469941 32.072738
120.469896 32.072725
120.46995 32.072746
120.469953 32.072741
120.46994 32.072748
120.470011 32.072744
120.47001 32.072738
120.469968 32.072771
120.469976 32.072771
120.469933 32.072793
120.469965 32.072791
120.469991 32.072758
120.469991 32.072768
120.469968 32.072768
120.470011 32.072763
120.470001 32.072778
120.469931 32.072785
120.469975 32.072773
120.469948 32.072735
120.469933 32.072753
120.469945 32.072753
120.470001 32.07276
120.469895 32.072706
120.469905 32.072805
120.469936 32.072726
120.469936 32.072716
120.470016 32.072766
120.47 32.072764
120.469961 32.072706
120.469936 32.072786
120.469961 32.072715
120.469941 32.072741
120.469956 32.07275
120.469928 32.072764
120.469948 32.07275
120.46995 32.072746
120.469985 32.072731
120.469943 32.072758
120.469913 32.072786
120.469938 32.072788
120.469893 32.072763
120.469945 32.072778
120.469958 32.07277
120.469941 32.072738
120.469896 32.072725
120.46995 32.072746
120.469953 32.072741
120.46994 32.072748
120.470011 32.072744
120.47001 32.072738
120.469968 32.072771
120.469976 32.072771
120.469933 32.072793
120.469965 32.072791
120.469991 32.072758
120.469991 32.072768
120.469968 32.072768
120.470011 32.072763
120.470001 32.072778
120.469931 32.072785
120.469975 32.072773
120.469948 32.072735
120.469933 32.072753
120.469945 32.072753
120.470001 32.07276
120.469895 32.072706
120.469905 32.072805
120.469936 32.072726
120.469936 32.072716
120.470016 32.072766
120.47 32.072764
120.469961 32.072706
120.469936 32.072786
120.469961 32.072715
120.469941 32.072741
120.469956 32.07275
120.469928 32.072764
120.469948 32.07275
120.46995 32.072746
120.469985 32.072731
120.469943 32.072758
120.469913 32.072786
120.469938 32.072788
120.469893 32.072763
120.469945 32.072778
120.469958 32.07277
120.469941 32.072738
120.469896 32.072725
120.46995 32.072746
120.469953 32.072741
120.46994 32.072748
120.470011 32.072744
120.47001 32.072738
120.469968 32.072771
120.469976 32.072771
120.469933 32.072793
120.469965 32.072791
120.469991 32.072758
120.469991 32.072768
120.469968 32.072768
120.470011 32.072763
120.470001 32.072778
120.469931 32.072785
120.469975 32.072773
120.469948 32.072735
120.469933 32.072753
120.469945 32.072753
120.470001 32.07276
120.469895 32.072706
120.469905 32.072805
120.469936 32.072726
120.469936 32.072716
120.470016 32.072766
120.47 32.072764
120.469961 32.072706
120.469936 32.072786
120.469961 32.072715
120.469941 32.072741
120.469956 32.07275
120.469928 32.072764
120.469948 32.07275
120.46995 32.072746
120.469985 32.072731
120.469943 32.072758
120.469913 32.072786
120.469938 32.072788
120.469893 32.072763
120.469945 32.072778
120.469958 32.07277
120.469941 32.072738
120.469896 32.072725
120.46995 32.072746
120.469953 32.072741
120.46994 32.072748
120.470011 32.072744
120.47001 32.072738
120.469968 32.072771
120.469976 32.072771
120.469933 32.072793
120.469965 32.072791
120.469991 32.072758
120.469991 32.072768
120.469968 32.072768
120.470011 32.072763
120.470001 32.072778
120.469931 32.072785
120.469975 32.072773
120.469948 32.072735
120.469933 32.072753
120.469945 32.072753
120.470001 32.07276
120.469895 32.072706
120.469905 32.072805
120.469936 32.072726
120.469936 32.072716
120.470016 32.072766
120.47 32.072764
120.469961 32.072706
120.469936 32.072786
120.469961 32.072715
120.469941 32.072741
120.469956 32.07275
120.469928 32.072764
120.469948 32.07275
120.46995 32.072746
120.469985 32.072731
120.469943 32.072758
120.469913 32.072786
120.469938 32.072788
120.469893 32.072763
120.469945 32.072778
120.469958 32.07277
120.469941 32.072738
120.469896 32.072725
120.46995 32.072746
120.469953 32.072741
120.46994 32.072748
120.470011 32.072744
120.47001 32.072738
120.469968 32.072771
120.469976 32.072771
120.469933 32.072793
120.469965 32.072791
120.469991 32.072758
120.469991 32.072768
120.469968 32.072768
120.470011 32.072763
120.470001 32.072778
120.469931 32.072785
120.469975 32.072773
120.469948 32.072735
120.469933 32.072753
120.469945 32.072753
120.470001 32.07276
120.469895 32.072706
120.469905 32.072805
120.469936 32.072726
120.469936 32.072716
120.470016 32.072766
120.47 32.072764
120.469961 32.072706
120.469936 32.072786
120.469961 32.072715
120.469941 32.072741
120.469956 32.07275
120.469928 32.072764
120.469948 32.07275
120.46995 32.072746
120.469985 32.072731
120.469943 32.072758
120.469913 32.072786
120.469938 32.072788
120.469893 32.072763
120.469945 32.072778
120.469958 32.07277
120.469941 32.072738
120.469896 32.072725
120.46995 32.072746
120.469953 32.072741
120.46994 32.072748
120.470011 32.072744
120.47001 32.072738
120.469968 32.072771
120.469976 32.072771
120.469933 32.072793
120.469965 32.072791
120.469991 32.072758
120.469991 32.072768
120.469968 32.072768
120.470011 32.072763
120.470001 32.072778
120.469931 32.072785
120.469975 32.072773
120.469948 32.072735
120.469933 32.072753
120.469945 32.072753
120.470001 32.07276
120.469895 32.072706
120.469905 32.072805
120.469936 32.072726
120.469936 32.072716
